1.1509372264720603
1.2016827959597582
1.2473154504553996
1.3022940571332549
1.305046361741417
1.3155886520631621
1.345185645984545
1.3501579818398577
1.36194751396599
1.3656911519365567
1.3727861340733611
1.3766483489880836
1.3947696568215606
1.4000112121640929
1.416997735254109
1.4187369664827396
1.4258207524233775
1.4345131857119886
1.4410288654400425
1.4631358707097735
1.5543085772187382
1.6167410692258097
1.6300609805798532
1.6536159573284153
1.8153663200766295
1.8840676426929577
1.9931551363205482
2.061349215459447
2.091317019654881
2.1299851310337603
2.131161525375429
2.149874831140332
2.1560027432354776
2.2189208074559916
2.2719186715314157
2.3001319499995523
2.31396610992754
2.347458963029387
2.3550814206334705
2.378267929175076
2.3994359008902126
2.413950525586742
2.415554732704925
2.416167771697592
2.4179715464131104
2.4339535972507047
2.45890995659742
2.4667826038650085
2.4741547813864813
2.478818754288523
2.4831662656264686
2.4892833862410177
2.5113202732167643
2.528023910689985
2.550699707885148
2.5634397570435135
2.578012951801468
2.617541266321046
2.6212676212356927
2.6999687835251027
2.7295421584804918
2.7435300221611736
2.760350012634777
2.829846406632225
2.847149143665581
4.2501133043284
4.38569342131431
4.436989540988766
4.458789721642109
4.574141677752728
4.727597397446041
4.739275893609841
4.739345297091144
4.747738127699744
4.755635928684076
4.764152859900017
4.769637213831099
4.778617388092852
4.780044235702378
4.78039632115522
4.783716843431711
4.798954266957497
5.712546888014403
5.85341971137015
