0.38505525091743986
0.39410826529675763
0.5323967198834579
0.5885653927957698
0.6399620607725341
0.6455448758478229
0.6465119758656391
0.6607102703797891
0.6905778361736995
0.6925476476877622
0.6936301718087018
0.7190556374275962
0.7589040787010759
0.7626327904089909
0.7952411587816788
0.7992214772432574
0.7993829595826154
0.802031600788783
0.8072544759311405
0.8267128004474548
0.8311706653269126
0.8430216453602829
0.849940925828263
0.8556036189948399
0.8589600622890785
0.8659773733051125
0.8662472384023514
0.883794924761938
0.8928253048850939
0.9097547280490037
0.9159296318905338
0.928678819771133
0.9404078561355824
0.9446906708457111
0.9692932860914771
0.9799007400235268
0.9817364122700022
1.3190132251487356
1.3759849668968949
1.434797909584206
1.4634325281531597
1.5149193762768007
1.5243499660263853
1.7568763339226994
2.5786682020796503
6.360355652598798
