0.34881022622550156
0.3492877759759689
0.3513212742451046
0.354612412878234
0.3560562064585616
0.356648625081302
0.35891829551860266
0.3595672925442628
0.36252081033660044
0.36592008309748675
0.36770973126226847
0.3710163424678511
0.37180643282808507
0.3731511946056669
0.37322197583290956
0.3732746972353901
0.37345589832279025
0.3738393364776459
0.37409414185859147
0.37520708197699076
0.3764138085717738
0.37826122536679413
0.37834086391927024
0.37868350567376113
0.3788867793056381
0.3792670565664292
0.379626658164437
0.379786339108466
0.38033389335870355
0.38182083178216497
0.3818386198158765
0.3819653567958252
0.38324289337974327
0.3848094536556438
0.38577354099605105
0.387277751056871
0.38737375604063046
0.3882924841840948
0.3903770933472807
0.3908999786960163
0.39198117845434316
0.3924295660073777
0.3947525239663398
0.39579191600762315
0.39610767576581035
0.3964144434976673
0.397057422535201
0.3981080203637317
0.40025286925328146
0.4003868210635246
0.4010453850712439
0.4018087552522085
0.40218127261820086
0.40405185368278557
0.406303273758717
0.40714385902224476
0.40870501064267606
0.4089675070092065
0.40969325942367935
0.40998587208539466
0.41913848424716865
0.42097256858399806
0.422512047892653
0.42372465956490446
0.42409517414565123
0.4242540565134515
0.4245798005256934
0.4251350324944521
0.4252530523781299
0.426818146832712
0.42817704905871273
0.42958487770764037
0.43050009424163577
0.4312860478734667
0.4316789082766093
0.43199782358393657
0.43237656926359275
0.4367860234842995
0.4372138244415868
0.4379012996720342
0.4383230311864519
0.4404506236641003
0.4432095106433289
0.44329397727304715
0.4445613870611402
0.4447696346625967
0.4448341103990829
0.44586728842567686
0.4469451671600579
0.4539815894288825
0.4593408147466212
0.4612977287547901
0.4615301503964456
0.46460696499644893
0.4681969621965774
0.46891533793022133
0.4727918888253675
0.4786759324042626
0.48002764936153375
0.5338866427963328
0.5419257885230254
0.5566896381551398
0.5668472199008545
0.5671159677804791
0.5678920120846623
0.5681272936302832
0.5736507714209165
0.5745059597112819
0.5784739174549347
0.5807585310111322
0.5872222664360014
0.5892717562683173
0.5941262350414077
0.5948422468475086
0.5949348669279718
0.5958068185699376
0.6026109463195476
0.6041243643359236
0.6100482151866435
0.6154448975364658
0.6159120676644052
0.6193770502877689
0.6196249041437936
0.6234347901502653
0.6545463051573815
0.6696400152665831
0.7473352469155624
0.7673074754498701
0.7913004030778718
0.922611258629412
0.9275331147888302
0.9844515165167672
0.998875756499657
1.008301677287825
1.0137221027635794
1.0256577562749192
1.044739048048966
1.067685838839043
1.0731121868715405
1.0798131205128598
1.087286391096017
1.100796049005817
1.1050664782876531
1.1084881044806654
1.1142452401107046
1.1161923630277995
1.1240189709150814
1.1302857037489362
1.1316001633287842
1.1401170656638187
1.146220895188274
1.15477788774334
1.1605161819016463
1.1652888661888943
1.167548137724222
1.1705867372618477
1.1720508149620064
1.1732687795343366
1.1752264035924855
1.1827397133133155
1.1837271812748114
1.1843455521576298
1.1876106322550408
1.1909348632620231
1.1978286244544307
1.2003146529556001
1.2026492912140103
1.2069673934476148
1.2087422452711252
1.2101537440570653
1.2118792713154705
1.2142580173997
1.2164943219110893
1.2265636961536148
1.2471536411831967
1.2659621622265513
1.2791066280164056
1.302614330558996
1.3078858591200286
1.3081085032717878
1.3167032930215
1.3322332170100712
1.3359703443168622
1.336575981238131
1.3474376312551832
1.3684798503721904
1.374368057130501
1.376669107355804
1.3873137987112467
1.388181615070174
1.3887068207828182
1.3910051820517244
1.393725693413693
1.395257623268546
1.4000881332604316
1.4036527061188118
1.4068056846698158
1.4176386132883128
1.4203156838624258
1.422354410537395
1.4295666819625947
1.4333845763629764
1.4373390946988134
1.438768224045676
1.4431663975937878
1.4432748985526114
1.4439124664958094
1.4440027184356452
1.4507943211958731
1.4539803016572739
1.454230293272128
1.4557947884147162
1.4581843750821146
1.476963530290604
1.4834001893693805
1.4946594140413842
1.503375834288906
1.5221245223585331
1.6801396902494963
1.707594715877406
1.7327505240580403
1.7662858739434162
1.7881793718959915
1.816771706156482
1.8756163661469232
