0.29706369480215133
0.33352597519609295
0.3436118089757269
0.35179884521404153
0.37169720809250684
0.3881065175034551
0.4010937756481368
0.44754974670759495
0.793823131615457
0.8021183176724231
0.8023969258169557
0.802478351302176
0.8034229102657827
0.8074245503560294
0.8169919065393203
0.8366944039163863
1.39893377694841
1.4003225531574444
1.410799727235813
1.4252855730937517
1.4260598845401473
1.4265123758626062
1.4744581623078572
1.495391321569117
1.496273487758241
1.51330168213908
1.5303198079249622
1.5319737650953709
1.5333989781313615
1.578164086962329
1.845807196447624
1.9276351941276655
2.044793746709643
2.0506253232556655
2.1657434617714464
2.1748549384684877
2.198277141615647
2.202086602304798
2.203104545368349
2.225790485376392
2.2281726220571847
2.2313116305584155
2.2344002628900017
2.235656558910141
2.2404118772594943
2.250935087778448
2.2674726005976504
2.271599807112967
2.2873705108707747
2.3018533450148504
2.3068703828033437
2.310644031147084
2.3109636604092105
2.3117909288090557
2.3130710045394323
2.333058964052319
2.748250193625187
2.784587604835658
2.8187031332348553
2.842749558202323
2.8657782123441367
4.1819579653027645
4.278144729267153
4.3389980304232045
4.3492928088375935
4.363487197733878
4.3805286879637055
4.383126794783119
4.407371100757357
4.440879236148843
4.518200711040519
4.5243776503048565
4.528755889336984
4.530510139830279
4.543192122475471
4.544113238089656
4.574136120535515
4.578611535239603
4.582796006677494
4.594754432756934
4.602767537405359
4.618012621290264
4.642859541848601
4.6495004780719595
4.670613610160372
4.704207138521266
4.725116014243159
4.759032555695748
4.776886087828893
4.799033463049925
4.809221259861909
4.885567615733905
4.895898112078559
4.90281333205531
4.928620997261943
4.954266980150515
4.966129041697225
5.074121888728314
5.081216369294817
7.58598758179976
7.596606265279738
7.626303221254399
7.688901087547108
7.6988889052459815
7.79521634816401
7.950696059170602
7.960894233413396
7.9648593307529625
7.967624835039667
7.9698441911960884
7.977335830772508
7.979037868297631
7.983634541324277
7.997220870077928
8.082294271214128
8.099674494938425
8.102357458421366
8.122121552612507
8.213885167282726
8.214303347391562
8.24967880837738
8.253006113633026
8.302341344757759
8.31169527853093
8.312248504214232
8.31264708879747
8.472065675337262
8.477086838438453
8.480452655916414
8.485772225681782
8.490385890690627
8.49429595352527
8.495761367344702
8.497794808448917
8.502328471075185
8.505747776810802
8.507787879117371
8.510448754684637
8.5117650826465
8.512256934733
8.51453521564427
8.51536036421989
8.518272535301326
8.518548313675609
8.520050618777587
8.523764648670209
8.524312403885844
8.531169006380727
8.531690117930555
8.535762988439688
8.535890145686421
8.538270833466152
8.541835516943799
8.54478691648924
8.545465423982066
8.547051587349522
8.54848816711914
8.548588977818088
8.551000053390583
8.55279965068203
8.55425207642349
8.55692006806748
8.559426361654069
8.5606812361553
8.56221614961725
8.563520748731055
8.56725042090392
8.571298836309504
8.58607667268596
8.591221505375374
8.594129990345131
8.599544564781043
8.60161670904017
8.60305519499901
8.603390454620694
8.605902742467704
8.61039756424521
8.61318902694382
8.621932287913717
8.638410187453738
8.650509563579739
8.652139585341212
8.665644189072143
8.675003173505548
8.687921623268974
8.717356617216707
8.733521550660397
8.73699641590551
8.740507523766981
8.751019765336656
8.777225677617922
8.799228991787029
8.805968097116814
8.806176605790144
8.827189344541454
8.827885112611709
8.827912073273799
8.831142658835873
8.833644217305093
8.84036537207101
8.846274267871317
8.846700711423962
8.848017408842122
8.851240429618118
8.853297653321775
8.854985624768233
8.854990562772468
8.855622636538726
8.855723620844994
8.857257138998234
8.861839763612618
8.862337980436607
8.869225769045153
8.88879581114825
8.891725466125516
8.893025068599965
8.906477210354701
8.930055779731674
8.932949047457635
8.934581670844597
8.935481314806669
8.936670171008092
8.939483420263
8.942683930000538
8.944164764274284
8.945175745070012
8.95079131576343
8.953009564565551
8.957415797918864
8.958951869687038
8.960345849120563
8.96161431530003
8.964832669150862
8.975071001581691
8.984978286582459
8.987687030885374
8.9891146477779
8.995483417417166
8.995935038472876
9.03095660574527
9.031722414859859
9.032986239114154
9.034294399379592
9.043378410491583
9.050349158513221
9.051386205128663
9.062078312636949
9.079927901991178
9.150291061818193
9.189884488401049
9.221028540504069
9.22559172541643
9.236205754991254
9.257539791673954
9.258012300499953
9.260797144536896
9.261713458154578
9.263777679909877
9.265726826283908
9.26683413358643
9.268459732553982
9.327223477993817
9.643891274907608
9.644483102335498
9.6998701408013
9.73572106574071
9.770121361423564
9.77159537702921
9.821765238090252
9.84824735188674
9.848274251607213
9.850424622439036
9.942381142184612
9.954588627577774
10.039069363272574
10.05270242222765
