0.37475826170497345
0.37621952101409567
0.37632134785209964
0.3896625566056018
0.39526060062865387
0.3992776896213575
0.39943813613578877
0.40488789734538366
0.4094482652132388
0.41551965910068694
0.41643408496229206
0.42801780519574184
0.43075154369426893
0.43886677816409875
0.44014596145095075
0.44792029737250155
0.45089991724960554
0.45096346421620764
0.4553247299068525
0.4589843445452104
0.47181234874310324
0.4725509272301305
0.4754068268552724
0.4783498723898832
0.4872411956486643
0.4911763694594101
0.49154848723827044
0.4956176476734134
0.5019696116665996
0.5101609880827822
0.5266420896116855
0.526678850147121
0.5320337755370398
0.5366568518117137
0.5366787125454671
0.5382254461885065
0.5383938097584104
0.5431601480624764
0.5448965760910336
0.5518098131148371
0.5560867024665239
0.5568062875038298
0.5666229090058191
0.5709554275598723
0.5935118336926309
0.6018302667907884
0.6119155237815487
0.6123135155227144
0.612656261600655
0.6164872753916518
0.6256050641115032
0.6271283541977196
0.6298279539841287
0.6311876081936469
0.6367601480559023
0.6389188374661886
0.6419631842741721
0.6490686402908415
0.657346855611731
0.6588712347695075
0.6645189185956812
0.6660797783192468
0.6684713301748828
0.6685949757220246
0.6726216211595091
0.6753028833496496
0.6768247975752312
0.6841465679226613
0.6865352930095998
0.6900433602088631
0.6944313331132271
0.6971767955246456
0.6991803566057215
0.7006189922535081
0.7069820989379543
0.712164514314655
0.7130874293790974
0.7166786014872465
0.7169298546313337
0.7173415499741848
0.7176548917057843
0.7202715963653833
0.7208771251713991
0.7232741515811447
0.7254764670517886
0.7256649240740802
0.7275214328995385
0.7351676944735603
0.736691389717272
0.7422762998304516
0.7442625509318387
0.78064395774324
0.7858219018036258
0.8249261629103413
0.8264717992770716
0.8273010654655876
0.85143282589785
0.8520558030065802
0.870587913333454
0.8825012820859545
0.8863912773916355
0.9180376981266171
0.9289411019815361
0.9341702633115604
0.9417411051553508
0.9418491222892037
0.9494687146567947
0.9513007796563467
0.9524134314724247
0.9543585995003474
0.9592789170361576
0.9603825211231478
0.9748561450062885
0.9764535639629921
0.9768375613606258
0.9827168745538557
0.9831307865804944
0.986263986426524
0.9890997186043518
0.9901338605715739
0.9911064306949896
0.9915212655268636
0.9977931739690514
1.010325904893933
1.0202745022013482
1.0219201146251855
1.0339386285266634
1.0411023208622368
1.0438093425246397
1.0480021197574334
1.0487679814216453
1.0498109220158873
1.0500007254926709
1.0512724356795091
1.0591085893090197
1.0591304911131474
1.0615372403624492
1.06311076852747
1.0639108513535962
1.0643111081710837
1.0650021793818218
1.0657968108210236
1.06622111844327
1.0677779563557759
1.0684627196126237
1.0693812872790056
1.0705291771571666
1.071713934123343
1.07271947895616
1.073433368098591
1.0734995244321557
1.0747135269006314
1.0750977160969213
1.0773369638192876
1.0795269083841796
1.0808770489726454
1.0817809536488479
1.0820959022725094
1.0825041060214926
1.0827848031776839
1.0830381137512262
1.0830756300485962
1.083101141091737
1.0843031688075844
1.0851125500553216
1.085637534277152
1.088591031296462
1.088865043483295
1.0893854545695802
1.090720963433442
1.0912381447793194
1.0914388409558582
1.0920056171351078
1.0921260029127822
1.0925717886792163
1.0944242405752733
1.0952961348125918
1.095301107228987
1.095639808274756
1.0970233685624478
1.097120845662368
1.0995927022913041
1.1008874305004954
1.1009670924845723
1.101945367144702
1.1032102131841066
1.1041398219470884
1.1041687919222858
1.1043490472911863
1.1051991909710381
1.1052280850130167
1.1058366344222155
1.1066904261251536
1.1069273623423357
1.1079385700637316
1.1099092942348538
1.111909653010042
1.1126936961644385
1.1131648142660087
1.1131893404518194
1.1139050123841787
1.1174364027635344
1.1197516207767
1.1211048028498227
1.1217804340543653
1.1221074515227625
1.1272413010789162
1.1314137877325028
1.1321417194698542
1.1398274337057133
1.14199306301764
1.14909220713142
1.200364031481913
1.2742930913402077
1.2766753315067048
1.329537431712167
1.3322858145397098
1.336090951594745
1.3412901133471404
1.4069245042752156
1.4104779475837679
1.420882933053372
1.4235409582443608
1.4248865939965716
1.4532171693139002
1.4726112047576145
1.4817732053767327
1.4996493060936944
1.5182273668199666
1.521320612249669
1.5259006444094048
1.5259929683243414
1.53393075679662
1.5382361094477992
1.54347617595887
1.5445327941619875
1.5487888644634615
1.5525673539738238
1.5552356301545256
1.5554121010542632
1.5591889668333387
1.5595272663250852
1.5616464809688473
1.5650426016825083
1.5683058703800234
1.5749033725730859
1.5772153093617893
1.5777946791831783
1.5781345330191012
1.5830648027076424
1.583077694307779
1.5831764663121932
1.5852202543865543
1.5890475299019156
1.5899153787792888
1.5941187818817846
1.598530636106174
1.601934579772358
1.602884398128198
1.6067112788164073
1.6068685106665532
1.6135456529207584
1.6149817222740377
1.6169293904148165
1.617754363613589
1.6341903586009965
1.6365433183861968
1.64309983608621
1.6539601526254764
1.6683885189891958
1.6698492946023635
1.7000028625982877
2.0443886284833885
