0.9159348902053669
0.9170235982391781
0.919810181997184
0.9200256565808983
0.9205466456640299
0.9206333432282252
0.9208494824039063
0.9214376852218774
0.9214862631039273
0.9215162649341613
0.9217889219547496
0.9222255820426742
0.922479461835283
0.922509973339345
0.9225891587696617
0.9231408407727846
0.9232094551346731
0.9233837492100544
0.9234744097707598
0.923629263489766
0.9236462681366733
0.9237358544687354
0.9237770247060398
0.9238335832522732
0.9238368886755689
0.9239949051018234
0.9241723259782163
0.9241850900921356
0.924283223317368
0.9244878672710907
0.9250896617654755
0.9250939470735239
0.9251014909025038
0.9252439643605341
0.9253414799773568
0.9253521608826842
0.9253933199979943
0.9259059420479295
0.9260157169997792
0.9263808431519617
0.9265135237910402
0.9266120542288825
0.9266751183199178
0.9266930557268652
0.9267905841193353
0.9268004446967284
0.9268932188982937
0.927042153276103
0.9272665621010192
0.9273197901999475
0.9273293597036382
0.9275024193532015
0.9275070519669494
0.9275081688344553
0.9277038299933645
0.9277640247067344
0.9279255623963264
0.9279347367480333
0.9280233009066728
0.9281126932023767
0.9284769696842732
0.9285133151910673
0.9286064180629409
0.9286231243426395
0.9286925322968058
0.9287062661267479
0.928717441565195
0.9288263811954344
0.9288543525757882
0.9288553121363199
0.928906880688163
0.9289181258952164
0.9291162069089439
0.9292809045728664
0.9294078654791641
0.9294478825620144
0.9294670342651314
0.929588448880974
0.9297240657656686
0.9297601925415764
0.929831316222887
0.9299090578381523
0.929932946033795
0.9301239170693373
0.9301639607997337
0.9303223668407379
0.9303819635755324
0.9304164428007522
0.9304487077761852
0.9305009805126877
0.9305471145391464
0.9306570170119435
0.9306732512663808
0.9308154921442179
0.9308371654733936
0.9308865720580715
0.9308926391591047
0.9309166282623282
0.9309938733153061
0.9310711632141815
0.9310810412506738
0.9311023850725636
0.9311710005953638
0.931203381304378
0.9313004364368731
0.9313071731741495
0.9313426564077592
0.9313487380493685
0.9313522542514556
0.9314095204694218
0.9314371655042902
0.9315227186238463
0.9316950619474695
0.9317357514634965
0.9318191104404986
0.9318670102666866
0.9318871269403584
0.9320064129335411
0.932021587007047
0.9320337210210046
0.9323243606710194
0.9325391730152424
0.9325709404644036
0.9325766407491518
0.9326403681968277
0.932678766005404
0.9326968385755433
0.9327955876212747
0.932804116148981
0.9329388098565741
0.933276265605252
0.933315700969574
0.9333189357270328
0.9333506550771349
0.9333809909570511
0.933502625973695
0.9336351078034868
0.933638558733672
0.9338337682090607
0.9339074352821691
0.9339510353962004
0.9340241969494663
0.9341554052857859
0.9341560757424034
0.93424461460783
0.9344444060602987
0.9345051323000567
0.9345524903328029
0.9345837160852962
0.9346417697831245
0.9346678904686635
0.9347987239198522
0.9348059048959765
0.934814522800154
0.9348188921499279
0.9349188231191259
0.935023496237708
0.9353278335619968
0.935357875981584
0.9353722824940086
0.9356172518791773
0.935777037794187
0.9358505833344394
0.9358539192642644
0.9358566951949665
0.9358693032341074
0.9360817335324779
0.9360983529833056
0.936161093801081
0.936284502373864
0.9363121621987124
0.9364104294654324
0.9364202051131494
0.9364798969448713
0.9364804208620633
0.9365230958404293
0.9366312453607587
0.9366701967769249
0.9366889929530909
0.9367358032923244
0.9368237735754175
0.9368251476575609
0.9368306283711361
0.9368649444876448
0.9369848191796705
0.9370009057472193
0.9370738275483895
0.9371103549256816
0.9372220096118432
0.9372300374450202
0.9373826211645987
0.9374620792764154
0.9374726609664925
0.9376144514836097
0.937618443468103
0.9377157802771467
0.937818612798492
0.9379672600096962
0.9379725906627701
0.9382005039904018
0.9382707925664324
0.9382994594661171
0.9383655700569209
0.9385507619610074
0.9386585094054837
0.938701479234759
0.9387385360459222
0.9388294126292802
0.9388440962271958
0.9388703278147873
0.9389274286115917
0.9389919845177029
0.9392020712221767
0.9392489074443657
0.939270770617967
0.9392794689819677
0.939304791282967
0.9393596818485584
0.9393664638858453
0.9395020335572233
0.9395240318149707
0.9395579306930395
0.93967621143232
0.939790568229077
0.9398588321276525
0.9398906558716402
0.9399009614289062
0.9399466875279423
0.9400165035375457
0.9400462115664977
0.9400619310594676
0.9403732503652927
0.9404891640465151
0.9405482875779042
0.9406667628826215
0.9406967791956498
0.9407138254582782
0.940831396819353
0.9408662234724148
0.9409822453318463
0.9409911312544551
0.9410123525536048
0.9410458248213052
0.941073824457887
0.9411250608702485
0.9413051718980111
0.9413181282379784
0.941329503386389
0.941423977561269
0.9414668272800122
0.9415016323189536
0.9415037531024216
0.9416213263547091
0.9416325812339046
0.9416548960623005
0.9416611798680738
0.9417019656176514
0.9417130699236327
0.9419864606123253
0.9420267016875304
0.9420982568499192
0.9421278258623121
0.9421707039050035
0.942195943693181
0.9422249015144638
0.9422644365056604
0.9422728372572599
0.9423572685128824
0.9424442251317414
0.9424566779722052
0.9425273405967661
0.9425280247295647
0.9425282976855759
0.9426559286370535
0.9426743875760082
0.942676039118025
0.9426851890875054
0.9427513952532695
0.9429077005592118
0.9429848938263301
0.9431307081386157
0.9431378456540283
0.9434470069968762
0.9434642930433386
0.943506221812484
0.9435212029049995
0.9438764571402463
0.9439862278759801
0.9440103347277561
0.9443296958766357
0.9443335632945495
0.9443425392025582
0.9446164158954634
0.944638846289314
0.9446907270418708
0.9447442243884148
0.9447857522889529
0.9448398159313518
0.9449227348628397
0.9450235960497703
0.9450816764770933
0.9451858636197832
0.9452681854678864
0.9454425642552179
0.9454966799819309
0.945556905347681
0.9455938164047529
0.9456109865265082
0.9457139291470131
0.9457373381029166
0.9458177460775821
0.945830999681074
0.945831647045935
0.9458353188504456
0.9461171800903901
0.9461325395083507
0.9462951284097612
0.9463753748895666
0.9464533795453596
0.946480341552614
0.9465027256234332
0.946522559852709
0.9469257108687228
0.9470750701169917
0.9470880003384952
0.9471835597066824
0.9473013179767931
0.9473189439300593
0.9477602794826222
0.9481110821748526
0.948220475379495
0.9482665542289368
0.9484681131249574
0.9485167098938898
0.948613288349825
0.9489176976679842
0.9490408076610589
0.9490633951527293
0.9490778312546222
0.9491148836001009
0.9494352827978709
0.9497262721418761
0.9499532451444128
0.9499966043888595
0.9502206123586262
0.9502822440217773
0.9503445514687913
0.950377697061303
0.9505380847715842
0.9507081653793988
0.950738319458378
0.9513590469809701
0.9515857315584821
0.9518759633402845
0.9522857658387485
0.9523671299282503
0.9524511339904188
0.9528414600012092
0.9532149302866749
0.9532161626295614
0.9534220831730982
0.9534557592760319
0.9535186416961152
0.9535772468257261
0.9537440032133188
0.9538353470015348
0.9538791834297602
0.9538973271608606
0.9540446684063227
0.9541873797226401
0.9542112825939701
0.9542372806188809
0.9544132804334078
0.9544334951318199
0.9544675562429529
0.9545361055703913
0.954547955940634
0.9545721333743193
0.9546384224196311
0.954650328148996
0.9547545505246517
0.9548336182890226
0.9549503711233324
0.9550238647495732
0.9552053276696774
0.9553000717377135
0.9553953647868436
0.9554136580867053
0.9555077886585598
0.9555243601338645
0.9555627505279095
0.9556005403714765
0.9556633867082265
0.9556774968876061
0.9556962543298164
0.9558620576471573
0.9559553239599149
0.9564728169571585
0.9571092831037956
0.9571603284929995
0.95718709458788
0.957384042763719
0.9573861835061797
0.9575933466242199
0.957627467910035
0.9576736772615326
0.9577155056232645
0.9579336135701256
0.9580288314117986
0.9580304237672869
0.958073960447473
0.9585963008320841
0.9586822022553452
0.9588213811658464
0.9590112671003853
0.959175104876231
0.9592883810294718
0.9595749607459109
0.959856771967528
0.9601602237430488
0.9602638777780057
0.9603732374556748
0.960397319810757
0.9604033185714999
0.9604682762380662
0.9605390533876801
0.960694270014205
0.9607704906642504
0.9607827249792623
0.9608136157581773
0.9608726492026913
0.9611985290262305
0.9612152028537592
0.9617083115390365
0.9618855806832955
0.9624022716011221
0.9626874419133895
0.962960546472436
0.9630511911385744
0.9636010670721029
0.9636052270334844
0.963634772389243
0.9637569070147822
0.963984633053144
0.964151154291761
0.9645192481555203
0.9647865220379529
0.9648826155733466
0.9648873635185808
0.9649015177359137
0.9650371463962208
0.9653922184902506
0.9654788079531925
0.965669656418173
0.9656848348061668
0.9658877315149399
0.966023847680675
0.966049814101334
0.9662733302974734
0.9663461300902664
0.9665048617371929
0.9666255408548782
0.9669736810953081
0.9670695347450139
0.9671133943230589
0.9673796003130741
0.9673901606636532
0.9674028577435709
0.9676623531278082
0.9678741907737567
0.967967678886775
0.9680789717598666
0.9684564952490616
0.9684842834342193
0.9684938186452996
0.968591034291113
0.9686905863862014
0.9687341404914097
0.9687368987025394
0.9690950589053903
0.9692221243156937
0.969353937653483
0.9696657525258277
0.9697641585809226
0.9698764020384995
0.9700401921086677
0.9700467755719064
0.970142569244833
0.9702118895084012
0.9702494134548818
0.9706278993529696
0.9707106002429392
0.9707229232768274
0.9708067477162388
0.9708142227263065
0.9708891791407479
0.9709567302949746
0.9711693351683566
0.9712072576457514
0.9713421666338121
0.9713458390693706
0.9714482804077295
0.9715847206846701
0.9715904465075312
0.9716215083576801
0.9717161222291084
0.971779767469924
0.9717970514117883
0.9719096101121617
0.9721364607704784
0.9721729872574033
0.9722651348927726
0.9723978847040383
0.9725888773264433
0.9726191654123704
0.9727347801585394
0.9733413391142544
0.9734636482032509
0.973711866602479
0.9737904067065533
0.9739118483003619
0.9739302683173721
0.973943918663545
0.9740052714670024
0.9745995634294887
0.9747879845257426
0.9749665837953767
0.975105146507133
0.9756237487695463
0.9757012945196064
0.9759515344192518
0.9759531003472346
0.9762937987556572
0.9763140746867728
0.9766741356782946
0.9768091130554132
0.976956617235876
0.9769674913735232
0.9769751229921778
0.9772076824630997
0.9776515190019548
0.9777885719010027
0.9779716387729569
0.9781845129353138
0.9783332397564548
0.9783646181556259
0.9783759279127988
0.9786613482793731
0.9788582150900456
0.9789488179887564
0.9789965284008338
0.9790704839412445
0.9791951376926816
0.9793382972328332
0.9798675174838307
0.9800882543009237
0.9801946485831614
0.9802356030382345
0.9804819607205494
0.9806553825717292
0.9806616161709171
0.9807517691505312
0.9809362302536081
0.9809449867576225
0.9809752929602337
0.9810512268356393
0.9810916144604571
0.9814157310366713
0.9815319207883693
0.9816213780152427
0.9818502896768563
0.9819250577229559
0.981960262938794
0.9820730948834681
0.9821284692949797
0.982551260189392
0.9828438877197523
0.9829153789304211
0.9829409982612302
0.9830278088593082
0.9831368143293662
0.9831534701471326
0.9831648661891836
0.9832000032551579
0.9834706338317984
0.9839387970916271
0.9840342605995397
0.9841806364396037
0.984303483738555
0.9845286372775511
0.9847578160726034
0.9850832331454127
0.9851783023721569
0.9853478158888892
0.9853525230281214
0.9853680719338459
0.9854598702806961
0.985521874199243
0.9855880635714089
0.9857029177293691
0.9859491301526013
0.9861536834441776
0.9862006464975089
0.9865605623107355
0.9865800937128422
0.9870347200238027
0.9870440887487124
0.9870616818347306
0.9873668384425041
0.9875365152684754
0.9875530364674252
0.9875642766350116
0.9876171397602498
0.9877169457128039
0.9877334678205411
0.9883111585072072
0.9884789736860267
0.9885327512632118
0.9885737001606271
0.9887139271777208
0.9887259553587169
0.9887518921656027
0.9888707692196372
0.9889696088260778
0.9891139450358044
0.9891145950370086
0.9891702112882871
0.9892352908836582
0.989435753697991
0.9895502040492965
0.9899679182244929
0.9899946729073552
0.9901464035309193
0.990197404642353
0.9902664699659304
0.9903465824089094
0.9903835726134508
0.9904066873269747
0.9905606339681046
0.9906419133711445
0.9906758654492568
0.9910909391123665
0.9912157109023417
0.9913483904557093
0.9914837724450897
0.991916485946546
0.9921592127642525
0.9922032376587889
0.9922177943030456
0.9926979433684483
0.9927485213178818
0.9929084838618334
0.9930316162376597
0.9931678065295603
0.9931877048923566
0.9932035657133262
0.9935215328485897
0.9937739001049817
0.9940793645269047
0.9942933265957593
0.9943364845263696
0.994482538063505
0.9944838969470505
0.9949170533690781
0.9949708621487008
0.9950117878153322
0.995032500997018
0.9951332797523049
0.9951605136397171
0.9951974342288588
0.9954350850775506
0.9955590343734256
0.9956398423681951
0.9957316182544906
0.9957447142188361
0.9958326494991283
0.9958684873710943
0.9959016500983287
0.9960202134065597
0.9961662760135614
0.9962067455320425
0.9962386863305831
0.9962810553306274
0.9964584966690744
0.9964620333493734
0.9965315458094808
0.9965900911760583
0.9966692305770314
0.9967738171457516
0.9971053513169096
0.9972741535797209
0.9974008390443433
0.9977011858719883
0.997726405910304
0.9978780192838794
0.9979281125156229
0.998306660458997
0.9983787232477784
0.9983788681336627
0.9984057458634671
0.9984285702234279
0.9985147465526851
0.9987291834409827
0.9987468421741431
0.9988189297659331
0.9988437724024238
0.9989161802286581
0.9989826944602557
0.999164685368078
0.9996387444481069
0.9997665737387651
0.9997897511459288
0.9999339662570025
0.9999696481512499
1.000013781595075
1.0001436493858398
1.0001643495616006
1.0003498662022026
1.0003973325352171
1.0004402701795474
1.000460946125916
1.0005611420234315
1.0005859876519132
1.0006489473261804
1.0007936691602142
1.0009562345483352
1.0009926984273458
1.001018374488238
1.001022986423281
1.0010478150855722
1.0010660528288997
1.0010728766684895
1.0011596555675861
1.0011850092633685
1.001218472207691
1.0012906751420751
1.0013387993548257
1.0014602950778353
1.0015258658326311
1.0015418836219951
1.0016225917750918
1.0017018200559114
1.0018186352932867
1.0018239785102772
1.0020014794450454
1.0021235359252139
1.0021534423217444
1.002204699595203
1.0022770117360276
1.0023493552492186
1.002395834677164
1.002402915245358
1.0024431292055103
1.0025960866754953
1.002714855674672
1.0027382535805558
1.0027987253615138
1.0028996050392696
1.0029590429538748
1.0029666144190106
1.003035819498175
1.003144340441092
1.003236402618711
1.0032506838341844
1.0032849218670439
1.0033180964151693
1.0035054820929206
1.0035274056105832
1.0035592750883577
1.0037510056117525
1.0038844267196216
1.0039960514799966
1.0041286511383054
1.0041393989058758
1.0042342527611443
1.0042404599419423
1.004352378693716
1.0043551491574918
1.0043774812406676
1.0045082689913667
1.0045355859309348
1.004562178153487
1.0046882870994165
1.004701509636819
1.0047153134052513
1.0050169146995906
1.0050288978672381
1.0051564147762582
1.0051830334939118
1.0055765294349668
1.0057810552145974
1.0058884246522577
1.0060023434756193
1.0061478996047128
1.0061693277877806
1.0061976773565435
1.0062076441253702
1.0062383090544507
1.006303653086072
1.0063195213035692
1.0063792785151893
1.0064268255271118
1.0064749245827753
1.0064919017338236
1.0065371153909637
1.0065377040641057
1.0065449361880259
1.0066664818211108
1.006678724273181
1.006733057425634
1.0067733014366635
1.0068390184012388
1.0068540440811187
1.0069368660400444
1.0069643271959938
1.0070517619979706
1.0071010670736553
1.007199792165586
1.0072162611166324
1.0072651414334857
1.0073122134043513
1.0073256513576216
1.0075501985510025
1.0076032696695207
1.0079354496302126
1.0080018846526944
1.0081686694268908
1.0081995997791544
1.0082317263066651
1.0083184079742649
1.0083344027126968
1.0083600460858768
1.0084004069464825
1.0084333251896773
1.0084356330119557
1.0086975729049683
1.0087437715600658
1.008776221425845
1.0088283930342004
1.0088475733989077
1.0089199596483216
1.0089642830448462
1.009000831865764
1.0090179902514582
1.0090987868149437
1.0091064549807467
1.0091738739341085
1.0092539720679783
1.009301168951664
1.0093044040056482
1.0094194329071722
1.0095815416141583
1.0096179907116247
1.0097759774040374
1.009799120263031
1.0098267088259747
1.009963566524115
1.009982767232124
1.0100287799509156
1.0100353968655895
1.0100363375946153
1.01012594468768
1.0102436116364697
1.0102456083793163
1.0103465702317251
1.0104766990483314
1.010506817846094
1.0105119360719683
1.010626886706566
1.010656979287027
1.0107290283152943
1.0108537414079617
1.0108749709917273
1.010905540859684
1.0109398711331188
1.0109595613233469
1.0110951396694692
1.0113531031892216
1.0113551515435637
1.0113990376763635
1.0116355409989544
1.011741044555093
1.0117631314956406
1.0119242613399133
1.011927138197695
1.0119927735192213
1.0120671563613797
1.012490008364125
1.0126298914806398
1.012738923888749
1.0127568740553943
1.012763881452025
1.0129521354662305
1.013019310934814
1.0130571699079292
1.0130811293223991
1.0131260449163242
1.0131415417708354
1.013344364882506
1.0134331593400572
1.0134570372692682
1.0134938396615771
1.0135998146484673
1.0136406521467909
1.0138640815531306
1.0139197796333528
1.013940178899228
1.013960273735529
1.0141224993460727
1.0142355539345667
1.0143039453943903
1.0143240897256143
1.0143992764504057
1.014402599125306
1.0144802272703344
1.0144902467882297
1.014545535694188
1.0147585211341899
1.0148702804284455
1.014898452886358
1.0148990586408002
1.0149411975310507
1.014946552314228
1.0149474052376546
1.0150824966250271
1.015130088658165
1.015156517384972
1.0152175985480225
1.0153511688337846
1.0154090380273708
1.0154222355601643
1.0157529336559759
1.0158244878521057
1.0158389999194075
1.0158741004651655
1.0158999356574479
1.016071257665623
1.0161764161372169
1.0161936724674288
1.0161953889253894
1.0162664063452498
1.0164241247528694
1.0164362537548057
1.0165688838352278
1.0165713939739656
1.016616934965817
1.0167376532935386
1.0167774809939836
1.0171236202095941
1.0171260268444415
1.0171318937714606
1.017154039600839
1.0171806604427787
1.0174607260313246
1.0174677135838268
1.0174895109776205
1.017519076938219
1.0175872446414884
1.0176470947855247
1.018128379497002
1.0183709651481783
1.0184250195245048
1.0187070388949917
1.0187462956981763
1.0191065295400192
1.0192851735294102
1.0193722255735598
1.0194763610949762
1.019516911460743
1.0196446125254413
1.0196606819292922
1.0196915742935657
1.0198148234463447
1.019867926943427
1.0198960985937158
1.0199332666884915
1.0199582043038125
1.020002714598961
1.0201488973738408
1.0202576939778107
1.0203646537698743
1.0204713964702006
1.020721744610501
1.0207833870296161
1.020812569482754
1.0211438000457733
1.0211781680381513
1.0213036409117406
1.021364988715937
1.0214330817410666
1.0214619252220805
1.0216937680482956
1.0217207778476494
1.0217461447558152
1.0217973770536077
1.0219912320802929
1.022047035030396
1.0221412587060459
1.0221904267167492
1.0223674990002722
1.0224798990211308
1.0225054719246343
1.022527850015527
1.0225280628383036
1.0225282285605737
1.022589984653341
1.0226167469998702
1.0227328545129775
1.0227546306921662
1.0228543341050782
1.0229626320193088
1.0229739845294752
1.0229841460810027
1.0230735251137455
1.0230752676971802
1.0231113830789882
1.0231992845586413
1.0232052813131158
1.0232085619156257
1.0232327037300752
1.023397692290625
1.0234360705638368
1.023635745526415
1.0236725794137638
1.023695297209517
1.023729857691563
1.023945169405486
1.0239657805140752
1.0240843473779777
1.0243855048974462
1.024426755362715
1.0244637867298894
1.0246290855436524
1.0246651376167053
1.0247493959747411
1.0249037516249566
1.024911778598903
1.0249253282510136
1.0249656184679572
1.0250105833975744
1.025015095135661
1.0250206344177424
1.0250760856919365
1.0251074480623206
1.025178343903299
1.0252572237796653
1.025477889460181
1.0255151091661339
1.0255741099136513
1.025576736101174
1.0256138031539788
1.0256582749348757
1.0256931302786683
1.025728400156098
1.025755678880798
1.025840114679695
1.0258697060040265
1.025870099783879
1.0258936235879028
1.0259676241218443
1.0259825530356412
1.0260285376543095
1.0261266825679893
1.026214134937211
1.026263394865194
1.0262898901900677
1.0264470826256893
1.0265454698718568
1.0265719707501753
1.0267476340182824
1.0268233904806485
1.0270069754804039
1.0270850578507909
1.027109842082355
1.027347616853447
1.02735240607098
1.0278008581272409
1.027927857366748
1.027970331411064
1.0279962201411925
1.028022834134402
1.028055519400633
1.0281035540615044
1.028116497515542
1.0281240016061959
1.0282186056843592
1.028392116377843
1.0285150279046518
1.0286606394846969
1.028668442319521
1.028717443265174
1.0287260405742795
1.028867828733977
1.0292813837936234
1.0293388487892794
1.029351743147325
1.0295358937234815
1.0296456891266854
1.0296955122725464
1.0297003293765563
1.029830926248532
1.0299630115088
1.0300636409538204
1.0300963620661396
1.0301281642644309
1.0302425591913988
1.03027398282688
1.0302882593244562
1.0304346967410378
1.0305487916688434
1.0306712576477535
1.0308358387141587
1.0308821206559522
1.030956688992938
1.0310962386038207
1.031184889661772
1.0313131877630306
1.0313180443507914
1.0313694849339365
1.031490440692948
1.0317002957147916
1.031793205406957
1.0318192327837685
1.0319018529983275
1.0320996506403433
1.0321000380656176
1.0321781402662842
1.0324491626111336
1.0328041437097388
1.0331997543190827
1.033295873852511
1.0333495574713232
1.033564384166601
1.0335657850651714
1.0336716971222295
1.0336809850458462
1.0336919812434526
1.0338389934696433
1.034155312663474
1.0341616934579911
1.0342856147049742
1.0342965866698244
1.0343395899019272
1.0343884515613244
1.034456742557707
1.0346417807406951
1.0346512400711745
1.0347477275205557
1.0349542336628668
1.0350363040714552
1.0351057332646325
1.0352127685761967
1.0352185675765808
1.0353086136937968
1.0354172345701553
1.0354384980307794
1.035616826841752
1.0358487007108783
1.035929718983972
1.0359791091552888
1.0361783092488694
1.036457419096855
1.0365900933287338
1.0366182702116058
1.0366725722405787
1.0368343312168182
1.036905973447614
1.0370673255498375
1.0371082378706444
1.0372747004481657
1.0373470121190584
1.0373710192287604
1.0374842134211428
1.0377345560291678
1.0377376994655014
1.0379195807410355
1.0380461376368018
1.0382625962150185
1.038354987631024
1.0384079782553213
1.0384332164256977
1.0384761943939302
1.0387631603248992
1.0387789070550077
1.0389501049439471
1.0391166593018741
1.039186665711561
1.039245102505136
1.0392935241573618
1.039346030228059
1.0394070067807515
1.0395858369386066
1.0397644329360713
1.0398878444786053
1.0402501762453247
1.0402728733497582
1.040318316948318
1.0403725950528833
1.040416146793029
1.0404265153554848
1.040443073596731
1.0406615046089143
1.040746165272135
1.0408003072824075
1.0410310281853565
1.041031313185983
1.0412654458478394
1.041541918286272
1.0415996205210627
1.0416386960777644
1.0420442907456047
1.042110912663722
1.0423173765536053
1.0426108339896554
1.0427427403354832
1.0430802422694265
1.043144586322435
1.0431950238440693
1.043229420893621
1.0436316190355373
1.043799015269636
1.0438026841150196
1.0438458514274231
1.0439004979205666
1.0439006060152427
1.0439684749999152
1.044017935819806
1.044132046531089
1.0442663936927241
1.044417694127595
1.0444360790106257
1.0444574298276366
1.0447519655675186
1.044787450606208
1.0448413831054482
1.0451996421237422
1.0453179425542736
1.0453293211042531
1.0455325357481289
1.045589407126085
1.0456173460367177
1.0457652855953246
1.0460511415273985
1.046333125808726
1.0464358965100322
1.0466254010384108
1.046731043262412
1.0470493200331619
1.047081505495017
1.04730410765043
1.0475264077830244
1.047537260321718
1.0477052086605787
1.047773209153816
1.047824804511557
1.0478382702310522
1.047966111008209
1.0479803084861306
1.048000071255357
1.0480343975970128
1.0481687766052612
1.0483172694932228
1.0483179954323651
1.0483810893355587
1.048412443359791
1.048493464345486
1.0489259127499075
1.0489983024103169
1.0492160076439692
1.0492522921375393
1.0493146863241039
1.0495324669348995
1.0495470249126095
1.0495757765065106
1.049664367689818
1.0496856880413283
1.0496890097510012
1.0497829150400317
1.0497924670803231
1.0499244853362981
1.0499708090851763
1.0501222485409394
1.0501902484426957
1.0502105423622334
1.0503110479101594
1.0506343048292868
1.0510245339092181
1.0510979817926962
1.0514129771792977
1.0518950226998935
1.0518997454427952
1.0519381673867667
1.051948569240075
1.051970569784441
1.0520500093573102
1.0520801366904928
1.0521371763411862
1.0521833441030133
1.0521934616258237
1.0522239017798192
1.0523737328167169
1.0524657194213065
1.052776747071719
1.0528776268366262
1.0529183846754353
1.052940741539282
1.0531357229524498
1.0531395526818739
1.053179096825362
1.05330124402648
1.0534222601239154
1.0534223190937315
1.053685181374285
1.0537940182958712
1.0538799000426953
1.0540220556521487
1.0548373201306596
1.0549275645166116
1.0550161038786643
1.0551305531690232
1.0555552176946479
1.0556268183742503
1.0556617844220184
1.0557434162453954
1.0560152423746574
1.056025089045273
1.0562260835399342
1.056311648815062
1.0563677051474105
1.0563954241158433
1.0566472844304262
1.0572568471094785
1.057686152753256
1.057898302252142
1.0584044564009547
1.0585287538331911
1.0586952877155087
1.0591014792699434
1.0594450346698123
1.0596066576165648
1.0599890365862281
1.0602564766838138
1.060321245252526
1.0603554947240224
1.060470211668796
1.0605312620144844
1.060549144324023
1.0607201973781775
1.0607509210297532
1.060779089636711
1.0611199323685392
1.061249699914794
1.0612927771938172
1.0615452412815352
1.0617753974805157
1.0624189843922704
1.0624302193790471
1.0624664601050247
1.0625953671126336
1.0626814525967252
1.0628812718082565
1.0628858271060857
1.063074294995812
1.0635530943528186
1.0637935855638134
1.0638786899701433
1.0651119843007393
1.0652813002515444
1.0658120399503046
1.0658613529546384
1.0658920382161028
1.0661976220998226
1.066435709747064
1.0664735161169963
1.0664842583817478
1.0665292968152846
1.066533170796538
1.0666979236278102
1.0667002064223703
1.0669224762701632
1.0669269616298653
1.0671092039087555
1.0671808422168398
1.0673619480893588
1.0674493358791417
1.0678640171661788
1.0679280377106897
1.068096230852246
1.0683329549009986
1.0684528666161435
1.0685781651189916
1.0686084157456988
1.0686432222922366
1.06868848730738
1.0686963638773193
1.068806992469697
1.06887206688799
1.0689552688380832
1.0694547143583564
1.0696784179345795
1.0698791924209485
1.0699062696029928
1.0701787086129446
1.0706185134334498
1.0709486103742623
1.0715863750725656
1.0717313483519488
1.0718015868026376
1.071899256381489
1.0720519974041782
1.0726859225428924
1.0740043983485277
1.074619586194667
1.0749119049833231
1.0759382374268613
1.0762800039710692
1.0770360518232047
1.077467054983546
1.0779242991898013
1.0781074725595727
1.078554397136454
1.0786107752788083
1.0793999211288423
1.0797236420460274
1.0799035114936295
1.079941984599024
1.0803738022793303
1.0803961586666553
1.0807263260845803
1.0808399052242008
1.0809943331624978
1.081254583091056
1.081528517000908
1.0817836502595322
1.081983831096966
1.0820458806717188
1.082328678708633
1.0823524839490686
1.082390926514486
1.0825167351349598
1.0829380944076237
1.0829560674023762
1.0829691830906718
1.0831624757493552
1.0831921486245943
1.0837850810398448
1.0838204005120193
1.0838534584354236
1.0839279142836935
1.0839962360893016
1.084002383782426
1.0842123675994173
1.084388663070056
1.084444764370142
1.0848093488621229
1.0853575634308
1.0857181568001486
1.0859937942952909
1.0861719092952413
1.0862390651302107
1.0862748200931736
1.086473767294503
1.0867514548527106
1.0878633896091947
1.0882114764649078
1.0883025936499238
1.0889246533935792
1.0890483446941732
1.0895720821621875
1.0898697260548038
1.0898798011594735
1.0899717153221193
1.0899968603164993
1.0900134915045774
1.090050498010037
1.0906965701102291
1.0910540064622523
1.0911386545079405
1.091895961586911
1.0920400062952937
1.0921476595992854
1.0924488741853164
1.0926699025791167
1.0927937659263347
1.093013718273885
1.0931120507553533
1.0931202308883252
1.0935987160671543
1.0937284843568518
1.0938093134193771
1.0940436234851687
1.0942463507306401
1.094377444094526
1.0947725444731278
1.094862814433545
1.0949222331775021
1.094986107121115
1.095047669795898
1.0958311611494442
1.0958378826098114
1.0964257239220145
1.0965638251418193
1.0965865417581344
1.0966112632774636
1.09692738280675
1.097003321901752
1.0978648839730236
1.0979191839884046
1.098126776537426
1.0983025557725796
1.0983130051512062
1.0989400117213217
1.09897629168927
1.0992559820269021
1.0995500304210706
1.099553564841378
1.0996189757649095
1.0996332659496413
1.099835579152805
1.0998366956992756
1.100043744221834
1.1001299020834714
1.1001483518581485
1.1007445087055916
1.1007994275343769
1.100932833465865
1.1010128553701932
1.101324410057372
1.1014165676440966
1.1019008969718584
1.1019419240675816
1.10213137169345
1.1022726417205968
1.1023668302741296
1.1025819848679317
1.102714738939218
1.1028585868734768
1.1029031713780992
1.1029946227740197
1.1031788098450253
1.1034554412061588
1.1037185297119934
1.104047912700791
1.1042736455860471
1.1044418090416397
1.1045310266056034
1.1045960851536414
1.1046856473497528
1.1047131512442323
1.1047409261225336
1.1048260460129147
1.1048980977877054
1.1049202905097852
1.1050993386799741
1.1051889892506295
1.1053715899040002
1.1054427927953945
1.1054640297047098
1.10548616689708
1.1057125826399254
1.105839883008395
1.106045090875328
1.1061135212372708
1.1063760000239924
1.1066316267831415
1.1068058743901956
1.1068423521113246
1.1068530339360385
1.107040039741324
1.1071525172417045
1.107215249342707
1.1072775506092838
1.1073032039889699
1.1073840018018555
1.107534082609377
1.1076636592473093
1.1076730314384828
1.107678489113361
1.1076790233179798
1.1076922230929245
1.1078815462911398
1.1080301834217683
1.1081287093189085
1.1081373346545353
1.1081559737159206
1.1086498447746724
1.1088006765980403
1.108862914822087
1.1089765172880854
1.1092245616349763
1.1092504631193414
1.1092572295857375
1.109309465782312
1.1093949029260848
1.1094446777358442
1.1094503499530848
1.10947529112418
1.1096885969986932
1.109719245937124
1.1097783874773506
1.1098126134504864
1.1098204574629253
1.1099391433831234
1.1099436880944547
1.1100207076071467
1.1100293600447702
1.1100663477397439
1.1101555285728153
1.1102159568428147
1.1103168929467095
1.1104868348956254
1.110553510418585
1.1105589226789023
1.1106120329923574
1.1106455848168122
1.110891039849922
1.1108976125445233
1.1110522265011813
1.1111539797309784
1.111266277337351
1.1114814855579391
1.1116288228362958
1.1116474286004052
1.1116712620881386
1.1116877476608251
1.1117801057535315
1.111882218997658
1.1119500666042423
1.1121926416721293
1.1122357223079944
1.1122548570447195
1.1123459549431176
1.1123853783101043
1.1126651011810111
1.1126660231892562
1.1127359763789353
1.1127421810512261
1.1129519531282757
1.1129658698001146
1.1130587272843055
1.1131634485981063
1.1133133289323724
1.113318876876267
1.1133323417185346
1.1133366212905473
1.1133493349417405
1.1133810719231847
1.1134754718572988
1.1136693800142365
1.1139193575534203
1.114100045732867
1.1141241594782616
1.1144700567017813
1.1144930476765904
1.114544842661051
1.1145557507109647
1.1146278227367932
1.1147076342693345
1.114730157055731
1.1149368771779185
1.1149679102764671
1.1150170345473933
1.1152581183306427
1.1154691587228736
1.1155525762149674
1.1156063998328176
1.1158582102238916
1.115982094929392
1.1162394311112838
1.116247434185975
1.1164105032772471
1.1164327489475885
1.1166431570364466
1.1168349741719203
1.1170510564252372
1.117141778508819
1.1173270516779303
1.117330955477807
1.117369829301891
1.117391934437056
1.1174305106747664
1.1175257476100635
1.117690672227666
1.1183309959582428
1.118522034408596
1.1185338357975851
1.118547615985863
1.1185533898703435
1.1185553718436692
1.1187717919735354
1.1188273817743462
1.1192823386165016
1.1192915544356141
1.1195020180025932
1.1202835927195183
1.1203021893626983
1.1203328891211155
1.1206492813717972
1.120684262048017
1.1206889114758642
1.1208484515685246
1.1209053960117412
1.1212419632731982
1.1213513770687287
1.121546976124987
1.1216933275488676
1.1223602689143144
1.1223962800765146
1.1225641883613031
1.1225692471080406
1.1226825293330143
1.1232342235042083
1.1234399813096143
1.1234559795863626
1.123562381922678
1.123677224611889
1.1237731335938446
1.1239303177795867
1.123937261597434
1.1243432284964918
1.1244205070528879
1.1245247558565146
1.1247812116500113
1.124836568929313
1.124970367759275
1.1254702770942175
1.1258084730827043
1.125826815302133
1.1258779622972863
1.1259839621827548
1.1261758909016975
1.1262611406624436
1.1273484935999643
1.1276483702456936
1.127725380103171
1.1281195052484279
1.1283305506149583
1.128508792845425
1.1285297107811199
1.1285911863115645
1.1286157319413996
1.1289522091045083
1.1290175884763771
1.1290712910778284
1.1292611263868693
1.1295700990731565
1.1297247867028344
1.1298081840604453
1.1299773251798355
1.1303367059471536
1.1307013943672415
1.13087292044837
1.1308808405404884
1.1308888340952559
1.1309815423001277
1.13102231881312
1.1313144395892398
1.1313342697283426
1.1313952124726174
1.1314309608377593
1.1315877778575103
1.1316028744142734
1.1316314354464236
1.1316652711884803
1.1322165496729164
1.1322577031533225
1.1324440588487175
1.1324989416193403
1.1326510579127278
1.1329456604468946
1.132965773881758
1.1330135665720322
1.133268957436766
1.133269424599789
1.1334863498533372
1.1335119532671292
1.1338949145777208
1.133994247678596
1.1340355174975714
1.1344603066818824
1.1345498490047297
1.1347575953919828
1.1350470846157381
1.1353379503534695
1.1354399701971767
1.135613861184851
1.1357982758895426
1.1368570399569295
1.136967153086879
1.13699245186466
1.1370407296442617
1.1370435957130423
1.1370861171758302
1.137178063001137
1.1371793941266084
1.1373630221830449
1.1374072034570344
1.1379211096828534
1.1379623997604595
1.1387292648112683
1.1387860156846652
1.1387976165325102
1.1388111640080096
1.1388399028430807
1.1388887756843882
1.1388919222241358
1.139118745365662
1.139290834119287
1.139357323893244
1.1394060868652816
1.1394797072723504
1.1396082189532153
1.1396128637939817
1.1398043505423991
1.1398549195134682
1.1398824662829614
1.139887589519363
1.1399454215816436
1.140318490424068
1.1405016745474699
1.1405790836256742
1.1408368133038083
1.140991265870438
1.1412198605626933
1.141296227996001
1.1415275305659691
1.1415614981131181
1.1417074353076924
1.1422533698845367
1.1422690465191254
1.1424060935798945
1.1424847085387306
1.1425008938252674
1.1428620235343865
1.1432008782790797
1.143343830132804
1.1434932646711713
1.1437633921770223
1.1442170679190042
1.1444169589484654
1.1445591749576163
1.1447148967996537
1.1447996783599368
1.1449705099092544
1.1450067810951359
1.1450223372042174
1.1450628128136213
1.1453404263110176
1.1454888109851213
1.1455139251713482
1.1455915818594162
1.1456919313956377
1.145793497051861
1.1458645204113307
1.1459313193316214
1.1463539373557385
1.1466188482702577
1.1466913797407334
1.1467638237022066
1.146814513063608
1.1468759462672868
1.147168702224498
1.147202774723631
1.1474008813688572
1.147573845238733
1.1476869674705177
1.1476870707871072
1.147771113115703
1.1477929736582464
1.1489934604001164
1.1490675413436318
1.14938054496152
1.1495231447859482
1.149525960225942
1.149819680173867
1.1498949429738299
1.1502574338628087
1.1503522431054773
1.1505186485615975
1.1510057159737144
1.1517731332933547
1.1519694920254253
1.151969766644824
1.1525477191438942
1.152597296325383
1.1533462213444183
1.1533855109379665
1.1533916690041364
1.1535025513802657
1.1535498769447794
1.1542178573523425
1.154541736689537
1.1546441985102973
1.1546533864294009
1.1546811087590416
1.1552482384100362
1.1554799017344888
1.1555754952479733
1.1556296901268113
1.1561869624547787
1.156242954443985
1.1564354379277366
1.1565810195181452
1.1566145330027053
1.156714730944186
1.1567953778766398
1.1569601024997187
1.1569698225951401
1.1569826129894802
1.1572106751580853
1.1572244266830372
1.1572553325149886
1.1573118944526828
1.1573968238049153
1.1574566532766606
1.1574641454254182
1.1576849408088294
1.158176739006662
1.1584450754181679
1.1585498970160826
1.1585590223311364
1.1586400307437092
1.159264514979123
1.159855020973894
1.1598881000966834
1.1604903753444238
1.1605225132567858
1.1605388559232164
1.1609598331096496
1.1610119429540764
1.1612995395322798
1.1614299737897378
1.1614927965715238
1.1615017061106698
1.16169270647226
1.1617387822235403
1.161977495122373
1.161992843809423
1.1620845854802484
1.1621376219461457
1.1621407210477717
1.162190671032123
1.1622754053990576
1.1624115881042933
1.1625833357219164
1.1628340261866879
1.1628517806346241
1.1630932889354795
1.1635582574948073
1.1636817522766765
1.1643728443796437
1.1647083288719366
1.1647225749327303
1.164738438861702
1.164791744619646
1.1648565996942586
1.1650503026190469
1.1651521437473265
1.1653899329814172
1.16546661433734
1.165480231792192
1.1655201040033065
1.1655246443561866
1.1656272738993443
1.1657113766327276
1.165914193153233
1.1659438102041422
1.16638750084966
1.166699416641207
1.1667183259308724
1.1669507800823318
1.1669683933084152
1.1670012254830249
1.1670293361705442
1.1671461561606202
1.167950937140592
1.167987789540686
1.1680163811572464
1.1681924012516076
1.16822385887282
1.1682610030547471
1.1686238695018374
1.1686533254867038
1.1688399192736516
1.169050751754124
1.1690620538190966
1.1694218110505503
1.1695346341070434
1.169550031322886
1.169561831154549
1.1695897632618208
1.1696722409047073
1.1699810726343507
1.1703873760433647
1.170560391853658
1.1706588167387033
1.1707253237106974
1.1709038366267033
1.1710487116488038
1.1712526705029451
1.1714805629156726
1.1715291666103902
1.171765185324992
1.1719578990657262
1.1720434467977392
1.1720883674769256
1.1722704239923518
1.1724823563590567
1.1725923567491112
1.1726829157335958
1.173445380300975
1.1736584191161474
1.173702898131371
1.1738508016023406
1.1740821426493788
1.1742001128852837
1.1742179944244708
1.1742440725791723
1.1743406533135232
1.1744356424241418
1.174716650201417
1.1747435002334592
1.1754521244986726
1.1754671016281126
1.1756048499864662
1.1756068391100292
1.1756426472558803
1.175650785965107
1.1761024080878166
1.1761211047871438
1.1764808372639053
1.1765556336414673
1.1766590633915157
1.1767050854679042
1.17698237450505
1.1769907473148784
1.1770257264337334
1.1772081888003407
1.1774100884804344
1.177539448230897
1.1776911829215202
1.177691650557978
1.1780339663686554
1.1780543322232049
1.1781591663071118
1.1791557403899418
1.179266170212926
1.1792781923419124
1.1794973371236377
1.1796386238336962
1.1799661320393064
1.1799737956021903
1.1800625424867828
1.180097003576507
1.1806575065139238
1.1807035084718431
1.180765907796328
1.180921662560609
1.1810384543610009
1.1812700938378082
1.1814583816737403
1.1814766868796387
1.1815200188633748
1.1815548021070625
1.1816226491643023
1.1817066249287762
1.1817715260658828
1.1817891712794277
1.18196817319493
1.181990041613146
1.1823118010170046
1.1824171049932615
1.1825566461645616
1.182561765654838
1.1826362968984812
1.1827632872102305
1.1827859810729053
1.1831499987425813
1.1831838176903622
1.1833539939776063
1.183485566839426
1.183917886989615
1.1840045582225134
1.1841341608938085
1.184155835529147
1.1842206354144722
1.1844282494892295
1.1846806794972105
1.1847073777361898
1.1848830670138395
1.18492459292187
1.1852984269915074
1.1860285090377851
1.1861126874996177
1.1861975865028176
1.1862260471696833
1.1862904900420068
1.1863633024005211
1.1864763958215863
1.1865132576484994
1.1865720657889167
1.1876769586286182
1.1880203243601082
1.188096811112616
1.1881830991223077
1.188251850186721
1.188291180634606
1.1883467212787484
1.1885593017157972
1.1885594805365616
1.1886126339963456
1.1886819157355364
1.1888878432149494
1.1890925046702272
1.189225645493072
1.1894428056197066
1.1897532019368782
1.1901775133938317
1.190484477731744
1.190571671335091
1.1906526808282827
1.191070699844212
1.1913863930381479
1.1914136913334228
1.1915617097188762
1.1919082772387535
1.1921567979647159
1.1923953119816126
1.1926791095718716
1.1931540039320352
1.1935919389995875
1.1941725737804771
1.1941928746894876
1.1946061697447024
1.1959150153089073
1.19618002873781
1.196810664305396
1.1968356657891999
1.1969522910863768
1.1971715190827912
1.1973869059760485
1.1982015829662258
1.199273294171583
1.1993314454618187
1.1993675289652281
1.1994431274707038
1.2000698709965398
1.2000746841551158
1.2001304997776199
1.2007347234333114
1.2010238981762444
1.201371339973819
1.201709035715402
1.202311916087649
1.2023352653895292
1.2023806604110854
1.2026267166423257
1.2034550213826662
1.203716754282415
1.203911608168373
1.2045715776724832
1.2049697818526661
1.2053257393816281
1.2056783375603215
1.2057764517172007
1.205999323741723
1.2063343890087488
1.2064708375741824
1.2070157971345472
1.2079161797538207
1.208277260715805
1.2090591975638576
1.2110432838586243
1.2155567407230299
1.2156398960093024
1.2158766968097872
1.216337148106016
1.2164093349784468
1.2165265853486251
1.217290318142764
1.2185208274177428
1.218786749259822
1.2197589691982884
1.2206297263264838
1.2206880202930253
1.221152605192069
1.221510240160393
1.2218622231546703
1.2225838844143435
1.2227182052419052
1.2239673198140355
1.2240246497111045
1.2244701462406549
1.2245585305053153
1.2245683398096956
1.224731322975464
1.2248900629337711
1.2250930164554013
1.2254260068043255
1.2261209716341819
1.2261942537900365
1.2274815677428526
1.2277917432659304
1.2279697484330165
1.2280149464716283
1.2283183475295767
1.2295549237521481
1.2307854954002522
1.231357938185311
1.2317307194118854
1.232037197820614
1.2324273189068418
1.2325346767424579
1.2334441167110795
1.233521832515167
1.2339301121955177
1.2341262498255354
1.2348511809589353
1.2354045137730858
1.2356208116883047
1.2385101264336236
1.2394219758116198
1.2397570597741476
1.2407261611241713
1.2411362371875034
1.241455646973028
1.2420815784756147
1.2443254248549054
1.2444284693343324
1.2449601335487182
1.2461735637344438
1.246298991486092
1.248066619043414
1.2484503809684957
1.2525707391490817
1.2543190675093352
1.2545213591921527
1.2574418146774244
1.2591597370511278
1.2612403409360349
1.2621073642296965
1.2645157268287612
1.2660252016748954
1.2679409704386269
1.269350563354139
1.2693990418055259
1.270382143998324
1.2720433932488495
1.272275646800207
1.2732238034617425
1.2740646486946712
1.2767960821374293
1.2792768578435942
1.279835275776451
1.2802960352015678
1.2805911699457664
1.2809573801145622
1.2835948437955877
1.2842610882691758
1.2854517734090307
1.29045703214459
1.2912523411726338
1.2919075793437154
1.2944547118548415
1.301079752335242
1.3018544557423446
1.3019032980376388
1.3076153748425103
1.3091106703392887
1.3094606949756697
1.3115753970371662
1.313372097724022
1.313806013364273
1.3154027982348913
1.317497845639763
1.3185212760142857
1.3198701960107075
1.3234638407615906
1.3236485206160742
1.3237168933047985
1.3252389734059622
1.3256151973797332
1.3262869958475463
1.3266587258156615
1.328785911660467
1.330286333838881
1.3311244300951128
1.331240587792788
1.3322623273929288
1.335009160100038
1.3386461026389558
1.3387453153075364
1.339300051702899
1.3404270809848573
1.3420529680853368
1.3421575825966006
1.3443313737786793
1.345924243942749
1.3472526286009234
1.3480584923689634
1.348227737729766
1.3516786510158787
1.355764603162716
1.3562901584790183
1.3603421777425446
1.3618535488938748
1.3669429363735173
1.3671761222391108
1.3752150275314414
1.3826331527678501
1.3925554423244915
1.393925753893411
1.400318934254293
1.400923283366631
1.4009266730381937
1.4033797515148785
1.4078229880157613
1.4093373550117885
1.423418227084229
1.431167730911204
1.447648891980866
1.4515632784905446
1.4544896539747638
1.4589618587138093
1.4619913005638348
1.4753902940508083
1.4852811798321635
1.4963679197018258
1.5016859456516167
1.5042381085722276
1.5073435668377346
1.5098566654293641
1.5129130661920183
1.5177360046129418
1.5234706314418083
1.529554039886233
1.555063394838468
1.5562351736554252
1.5586775607427084
1.5625871520557186
1.5635872195605807
1.694782607681087
1.697073269223078
1.7072562957745518
1.7154277428954856
1.721951999976744
1.7234765551340847
1.7303003259998957
1.742231061822539
1.7438857537749695
1.7476606456196782
1.748774195154304
1.7495042173363873
1.8080884648737474
1.817132849182674
1.8303651894325497
1.8552711262003156
1.8566993692307807
1.857239030459656
1.8599543560841705
1.860060137998768
1.8609212185976065
1.8617518534985305
1.8622727947748432
1.863378785737706
1.863517922573611
1.8640494088539665
1.8649974489145371
1.8655010829679164
1.8657037926600526
1.8660623075897151
1.866765057180477
1.8673787728167646
1.8679298279767722
1.8681295277123122
1.8682422457340593
1.8683461597870359
1.868761835598118
1.870108682697846
1.8702411760146438
1.8706835001664288
1.8723774075758721
1.8726990952490914
1.8728318651081277
1.8734454491006958
1.8739897031275972
1.8742423567005604
1.8742694623500264
1.8753929005343895
1.875508018577503
1.875602219156678
1.8763679987424198
1.8764159805908358
1.8772750422444933
1.8775044317681275
1.877627072672678
1.878216580822062
1.8784652358264555
1.8784982024247256
1.8786853034487228
1.8788323959989834
1.8792442425093308
1.879709383531649
1.879959969752438
1.8800968765748165
1.8801222812189262
1.880135317882712
1.8801395695329792
1.880603571793017
1.8809054907796876
1.8810261455018311
1.8810632768673337
1.8810857081963224
1.8811390160987027
1.8819751229212363
1.8820481685583024
1.8822727609281986
1.8823615947750731
1.8827268104213362
1.882761806180253
1.8829002309107883
1.8830284763546783
1.8835190208966792
1.8836882282251355
1.8836975305898256
1.8839194510271629
1.8842164098694791
1.8843102158787073
1.8843600428426945
1.8843822142852218
1.884424526573526
1.8850173137936463
1.8850591468139446
1.8851940336901802
1.8852104269124925
1.8853151056009148
1.885554439114971
1.8856887047069748
1.885732032600171
1.8857510504768573
1.8860470511843335
1.8862783289305562
1.8869669663014808
1.8871259442100152
1.8872797829998156
1.8878285801510497
1.8882569440559709
1.88848518189151
1.8885017382120342
1.8885864593003825
1.888639213623657
1.8890650740310757
1.8890758687659404
1.8893588544218316
1.8894888341061085
1.8895515817646895
1.8897027770210004
1.890203219781052
1.8903913974749367
1.8906059131883128
1.8906963446926013
1.8908739022900563
1.8909054600791506
1.8909399196291592
1.891219580921343
1.8913039089903372
1.8921213278352684
1.8923778804527498
1.892479603591098
1.892499835276078
1.8925553623737372
1.8927622663747778
1.8929615830781048
1.8931672179879528
1.893595720307668
1.8942111250908187
1.8943270567954937
1.894429156023521
1.8947567906774512
1.8947694977564498
1.894815904853574
1.8948491712225692
1.8951638875326544
1.8955675446526978
1.895593806393282
1.895883954906461
1.8959297163082438
1.8961350833489312
1.8961640634169712
1.8961690382916578
1.896559224007057
1.896641018415253
1.8966496080428659
1.8975506547787517
1.8977472427977995
1.897849864533799
1.8979821194537772
1.8983186404922745
1.8983279734472465
1.8984404433110864
1.8987746520714528
1.899223191608581
1.8996767716333065
1.9001816644611913
1.9004503284623075
1.900477646480798
1.900778130323307
1.9009255174819322
1.901123872842841
1.901200894943369
1.9013292267775606
1.9013407516379766
1.9014131248647663
1.9021404738958003
1.9021570522697515
1.9042257069594972
1.9048105272577656
1.9048581649489695
1.9048791611035256
1.9054643761635572
1.9058268463591523
1.905833372453619
1.9069510372633178
1.9070102245116543
1.9086900147913797
1.9089385084310924
1.9089646257517523
1.91013415291265
1.9126206285229834
1.9130968717711885
1.913886817736669
1.9141113896915831
1.9164513454151038
1.91719197195817
1.9174871113665624
1.9179008062726324
1.9180015948639404
1.9183776429804154
1.9195150051320637
1.9200867925045222
1.920485250306557
1.921512454029178
1.9222905888626292
1.9223424070844286
1.9233436286448715
1.9238779130316053
1.9239880928217572
1.9240348336562298
1.9243702367357485
1.9247989346697718
1.9247994931633379
1.9256978673875462
1.925788976948997
1.926278148102759
1.9265396474797674
1.9269739762949907
1.9276947301159335
1.9279411510207145
1.9282283782442036
1.9283673376434678
1.9284506180170828
1.928818199095317
1.9291857524979892
1.929941580208694
1.9304241621313096
1.9315366326667498
1.9317392323479434
1.932274122537706
1.9328409172202643
1.932901681432879
1.9338966824246115
1.9351246510211526
1.935452552151302
1.9376264427321737
1.9400779860046837
1.94032150007813
1.9408544915397283
1.9427440030600402
1.9443729915418362
1.9447613352335293
1.945001990283685
1.9456545119542612
1.9468043011651555
1.948079984179295
1.9480883920616645
1.948329138499953
1.949108719160303
1.94947248150661
1.9498503768936262
1.950047906607603
1.950075826667925
1.9500896690621428
1.9505430843428355
1.9507452188287622
1.9509040423434476
1.951998173048928
1.952052995602748
1.9531458493042546
1.9553223662796808
1.9554458345295522
1.955995173906461
1.9564693316229922
1.9572426925709372
1.9577327797025377
1.9582205941508117
1.95874573992015
1.9588148411568294
1.9589942582282527
1.9598391118044878
1.9598463301399651
1.9599984409568636
1.9607754624231009
1.9608239590358085
1.9612560341517342
1.9612938148920058
1.9613038787421628
1.9614749202248751
1.9616668367913501
1.9619706399785313
1.9647856979663216
1.9655366925425175
1.9656690631457943
1.9662129596252156
1.9663480850916697
1.9667775739379538
1.9670794773866647
1.9674092486414891
1.9679022771559336
1.9681090465348672
1.9681431354071244
1.9687178265294267
1.9690438244662336
1.9698922228780769
1.9699009379541366
1.9699399000955986
1.9706378217140221
1.970670263658319
1.9709283542193132
1.9713614066669325
1.9715553037178897
1.972317694763548
1.9729940042016707
1.9730200654014702
1.9736395849127122
1.973857071310556
1.9741214758054753
1.9743260040335522
1.9744262882910484
1.9746018908164586
1.975278163770621
1.975632492701632
1.9759919070598129
1.976758350017194
1.977000165846725
1.9770616596060695
1.9781651758134593
1.9784506088067022
1.9787360179382925
1.9804694711694182
1.9815793934162849
1.9817588914193676
1.9821172832577925
1.9821838655655906
1.9824811869950107
1.9829139175472783
1.982919645226089
1.9833493147389691
1.9844913596279015
1.9848250793336109
1.984944408028362
1.9855466718021495
1.9855967614477819
1.9858022353317828
1.986698389180612
1.9867409945436423
1.98719846746611
1.9875595397491017
1.9876712045654665
1.9877916952614556
1.9881316099690252
1.9883429323460664
1.9884331217768754
1.989299152218574
1.9899146868659208
1.9901839820718519
1.9907564908000979
1.9907583142219623
1.9909878702680037
1.991513112538033
1.9920417138328708
1.992455834464591
1.9928041505070242
1.9928999461782866
1.9931213168528616
1.9931894576029519
1.9932730460530068
1.994325275584371
1.994345431136304
1.9949304809576858
1.9959992979305672
1.9961407974456657
1.9964014710641294
1.9986165764503474
2.002879466766523
2.0046760166374873
2.0096206792131954
2.0116499097811706
2.0133331139038813
2.0148834405601144
2.0155262872272988
2.0198363442369436
2.0238089968162813
2.0238242046726254
2.0261201229979204
2.1938761320962286
2.20023613741304
2.2009070730318516
2.201161126698873
2.2055588980387193
2.2060299501118825
2.214563501967289
2.2167749087668756
2.220678058580486
2.2239511021378915
2.2269985599654145
2.2274675797114343
2.2281337494428586
2.2293023897463176
2.2305645465738544
2.2307599582987105
2.2347128768421145
2.2419248008631882
2.243031026729492
2.2445842256498705
2.2447082196577446
2.2477909686859547
2.250264764438744
2.252109357769402
2.2526486634589835
2.255431507698851
2.2563272546072466
2.257108905946792
2.258785093788446
2.263508576363484
2.264068064657821
2.264936159262048
2.2667512463129866
2.2677002731858122
2.2696399768820026
2.271233811077897
2.2719556039414344
2.272713757244453
2.2741252611074905
2.2750651809794182
2.2754051546180274
2.2761316443346375
2.276308556245065
2.2763223908060977
2.276405165783351
2.277046084861997
2.277567764643922
2.277725674563577
2.2799322386994527
2.2806933648992826
2.280865213508784
2.2823307304161156
2.282987404576689
2.2831265283764495
2.2839178555309063
2.2859413710910625
2.2868824801661445
2.287727151212152
2.2877849644323445
2.2889424767760813
2.289627446819516
2.2896837455747847
2.29164172395011
2.293837661303637
2.2946158347653487
2.295237155496369
2.2964895294956977
2.2982341854665362
2.2983829120542514
2.2984720516443766
2.301796517032299
2.3022056794022023
2.302614271504645
2.303381710136552
2.303635453362213
2.3039584170194827
2.304199045701555
2.3044026022921704
2.3044710080840467
2.306124765851288
2.306382816543494
2.306848221272028
2.30702855099137
2.3071004507410513
2.308457504289905
2.309285128772388
2.3096499987811345
2.3098436180721267
2.310073607793621
2.3111725023971963
2.3113529167986258
2.311440974800845
2.3117684242003977
2.3118649155133686
2.3127212640265435
2.31298352668705
2.312995868286439
2.314072937889042
2.314524572146208
2.3146060507353177
2.3146523928941507
2.3146981458592544
2.314790996331024
2.3148972234709166
2.314905481618421
2.315201248771781
2.3152223321711003
2.3156343895493627
2.3158290361261535
2.3159841252839124
2.316935348377724
2.317150035661127
2.317839671148407
2.3179287419150123
2.3204543822632635
2.3207982548645236
2.321962967904852
2.3220023355097834
2.3222675740517524
2.322641769821647
2.3233316767740133
2.3234220831863817
2.3237046574317413
2.3237742629539286
2.324056097195329
2.324678398276596
2.3252152995024225
2.3303953275927674
2.331130865585802
2.3318566415606163
2.3322297333633935
2.3347224080051197
2.334825544538073
2.338606410081226
2.3387188325631505
2.3390482803465975
2.3395362406014004
2.3396977622037642
2.3408643443693515
2.3420514273597437
2.3428172451337237
2.343623100709768
2.3439108448472785
2.3443816896812666
2.344698871409455
2.344732870913064
2.3468528749909967
2.3474081367485433
2.3490685402159523
2.349898215565011
2.350624807278233
2.3515253207698255
2.3528857038091235
2.3531829863716522
2.3690971135803367
2.377430445164901
2.4285391713013387
2.6436803203123875
2.6490095243658325
2.6576585944834066
2.662693537572546
2.6636014537875363
2.8809731662227605
2.881948293353538
2.884640294758488
2.8847820318569584
2.8914386351395636
2.8914935594510807
2.8924390787763334
2.892537074096834
2.8928314059283227
2.893478935564677
2.895032815861027
2.8952156737947745
2.8959547616727095
2.8966211781651108
2.8968783830627043
2.8975289413726104
2.902804014799328
2.9038097070287643
2.9062188996655958
2.90688155860495
2.9069406827279054
2.9076419742864754
2.908850737902536
2.9091514574693265
2.913113527825117
2.913335534633765
2.913691477509093
2.9146072382518433
2.915090239666099
2.9153096362717625
2.916329086741893
2.916611007695168
2.9167603509922704
2.917076650741634
2.917470048074955
2.9179632695287028
2.9193598837655688
2.9195505417985643
2.919798285616556
2.9202390466499466
2.9221774827184004
2.9222248020141115
2.9248068735888944
2.9248998587207935
2.9251636419556717
2.9255745689882233
2.9256080852438475
2.9258179616305138
2.925877635085923
2.9259666677705694
2.926374436007216
2.926386236331802
2.9277154539428363
2.9286359786415477
2.930415845570974
2.9309377992150067
2.9322484128431188
2.933736750315238
2.934165515125842
2.9347450426670703
2.936710481919485
2.9379940079961506
2.9384514415871013
2.939935218911231
2.940932791801778
2.9419337532293053
2.9419606152389717
2.9420202109445848
