0.7588291127686938
0.7775435907213856
0.781901069838498
0.797015890267662
0.8001656766292443
0.8012244575626453
0.8024537035255261
0.8025957572685097
0.805503171963507
0.8055879639578495
0.8059975377679446
0.807709748124043
0.8095087290881048
0.8103201134391583
0.810421860892388
0.810518017206366
0.8108869648541253
0.8118630885240382
0.811925692603562
0.8119304543945828
0.8125890095970681
0.813432094707815
0.8170895412966475
0.8185097201649816
0.8187890595021381
0.8192571209837683
0.8256659463191801
0.8310600382528425
0.833313172539446
0.8338109870815821
0.8364888045523611
0.8392181080598691
0.8394950089008756
0.8443475167124421
0.8660956500754554
0.8978669156747895
1.0693351011539987
1.0724433433000953
1.0735333820395712
1.0759171918187571
1.0792059485395782
1.0808574663439077
1.0854441410335514
1.086378466568922
1.0970785233765552
1.0982852908623837
1.0994975751020468
1.1032248667190192
1.106571948794521
1.10693296294179
1.107467678030754
1.1096405452044689
1.1098441014642801
1.1108554801923076
1.111692627983709
1.1122439581159254
1.115646703756899
1.1164724392016228
1.1168422626757626
1.1181559838829118
1.1192389835632024
1.120752442043265
1.1209942716541257
1.1224670082353985
1.1229153822277458
1.1235280892511756
1.1239398503732825
1.1241929458957773
1.1306117744157949
1.1316387802342298
1.1356570156348624
1.138772877208933
1.1392960018210763
1.1435886490227694
1.1441615479356964
1.1446847759937404
1.1480068450846908
1.151607148693575
1.157130965018273
1.1576760504705594
1.158127436271004
1.1609487753328949
1.165486341186614
1.1675505250794571
1.1713848938252007
1.1729775657312809
1.173347526197117
1.1749933855170334
1.1771994256496763
1.177419332511109
1.17754415634802
1.1807471578085555
1.1809168542619395
1.181294823075291
1.182801648931645
1.1830552129674012
1.1869141736462303
1.189466054318863
1.1921927531740353
1.1965173640055153
1.1982186075453964
1.2036301585643718
1.2040321568602408
1.2051651842587374
1.2058642831419575
1.209353356934563
1.2121280554597018
1.220120902114741
1.2218008787086674
1.2333628765256992
1.2498158788603992
1.258727803395955
1.2688957518582833
1.2787767654827136
1.3074229042593912
1.3636693742345714
1.3729055233235803
1.3869798878512323
1.3940419531911383
1.401470939331999
1.4037773296274896
1.4119463724960961
1.4365847693733094
1.443748360820378
1.463088883577985
1.4648826122366774
1.4672028981614713
1.4686032033434464
1.4696455924832368
1.469889944562662
1.475426245824035
1.4849102649748585
1.4967314915346352
1.4976608490588799
1.4982524993059314
1.5017461283601445
1.5033390264871367
1.5100678877876326
1.5123619728298758
1.5208887732376104
1.5331719179558227
1.7175679029508235
2.3754406623780957
2.454856638161481
2.4640010062093154
2.4761402198661338
2.4839986793941757
2.4952320529085
2.5135938956095814
2.515665711650528
2.5255978395488476
2.5318255945458885
2.53363142316527
2.5353819331236878
2.536483489100395
2.536664108406824
2.543675095016695
2.543765793723555
2.5473738693520116
2.5475228220715356
2.5521627437634997
2.5573481279632944
2.5583600909702913
2.5916735081456928
2.5952973749980996
2.6071681794323207
2.6079347246018663
2.6286040350498796
2.642122326246031
2.655583791034053
2.6614921238204743
2.6662330072593723
2.681971657835483
2.6848797283271817
2.6980468378515594
2.8095536718685747
2.8463961923511105
2.8840890919001394
2.8925213999201738
2.89760962184355
2.9051731717601292
2.9169968056511744
2.91842212629061
2.932420791310123
2.932663322060201
2.93481456318586
2.9402565520201267
2.9562523628981876
2.9591549139189004
2.967306114105545
2.971702974339106
2.972130168910497
2.9938082447293857
3.0361925222803605
3.0571397357048746
3.2951303728148384
3.3289745382928553
3.3601368882504765
3.3921439496821826
3.4070383864813407
7.084644085728062
7.171163577441342
