1.0901254261869286
1.092827304070817
1.096057086217259
1.097696273891676
1.0983725685272983
1.0983867404084713
1.1001036660432444
1.1010293246248883
1.101506395653005
1.1017090560058092
1.1018481844745007
1.1030932453719893
1.1035062056206033
1.1035371674382841
1.1036436677177857
1.104020105363665
1.10412779787414
1.1043958981830977
1.1044212999445349
1.1047941110139066
1.1050160972018928
1.105168093411704
1.106307249768141
1.106793307666011
1.1085566500630448
1.1086031355832757
1.1093599075430602
1.1098042458334971
1.1099533911193122
1.1103262053325142
1.1105764937506137
1.111693246457873
1.111881492773555
1.1120289176248321
1.1122220293634213
1.112263237278292
1.1124670323002306
1.1126498330882195
1.1128158285757555
1.112836966315676
1.1132918501201376
1.1133243301099525
1.1134100788786432
1.1134347903009238
1.1134982537850169
1.1135822203710053
1.113639869495046
1.113679738437953
1.113783203786284
1.114573976691017
1.1146456077346258
1.1150236641183864
1.1150491138567311
1.1150524315481751
1.1152183401414526
1.115431945099587
1.1154332732937673
1.1156248362718895
1.1161688212516752
1.1162253576621723
1.1165364228997532
1.1168218847235054
1.1169711351448186
1.1170220409368226
1.117061987929768
1.1173563155656498
1.117442178939606
1.1174874681607052
1.1179444189140033
1.1179737784596184
1.118077757510566
1.1181089580627879
1.1181460638136091
1.118222224448726
1.1182424681612195
1.1182632029977888
1.1182808334329488
1.1183857102107744
1.1184617603469178
1.1185340965039139
1.1186415393973592
1.118669941760345
1.1187095771480984
1.1187871962377283
1.1188092183011211
1.1191216210016994
1.119241776829074
1.1194022987451275
1.1195683808390855
1.1195866192747022
1.119604961439252
1.1196261922695692
1.119693393935178
1.119696940744739
1.1199889870159019
1.1202540040123183
1.1202746823996634
1.1203117796278033
1.1204137068612035
1.1205153710867564
1.1210595005459671
1.1213360438212057
1.1213361079390993
1.1215169901271107
1.1215752593800012
1.1216191025189992
1.1220860630051896
1.1225183147185245
1.1226022780214189
1.1227593161002762
1.1227815614265206
1.1228136627252754
1.1229498655122927
1.122961861710186
1.1230438225373442
1.123054442667765
1.123122467152342
1.1232809405018684
1.123322121678006
1.1233795075737725
1.1234130756407683
1.123465447292326
1.1235398473055578
1.123651342963075
1.123789388535959
1.1240891597477676
1.1241242523642616
1.124133216114287
1.1241548141777096
1.1242844067254851
1.1244091883210598
1.124572163153228
1.1247065758191634
1.1247111657327755
1.1248019532404625
1.1249000291226334
1.1249259053214518
1.1249435482298544
1.1249697465698354
1.1251001781061902
1.1251127364462077
1.1251316162915979
1.1252442200918844
1.125272198805002
1.1256279009401882
1.1259143681630337
1.126228573514787
1.1262537303481164
1.1263485564789757
1.1263635435957702
1.1267604947921244
1.127438414035816
1.1275102605065577
1.1281222154483006
1.1286899632115819
1.1294647705147072
1.1295399718289745
1.1296607043064757
1.130014471987668
1.1310725460805815
1.1312540256123027
1.1313378321799366
1.1316308226317082
1.1319208746964065
1.1322057869764428
1.1323462044176655
1.1323827860796014
1.13268557133243
1.13272474286904
1.132838251626548
1.1329258969406573
1.1330115737875812
1.1330306462433872
1.133088669830425
1.1334344824953129
1.1341323210742469
1.134353558132842
1.1352497456593456
1.1352813513596596
1.1353371348643153
1.1354359428966525
1.1355878907144887
1.1359220492680508
1.1359258168606003
1.1359899881292543
1.1360948619705817
1.1362714909479754
1.1363454122036172
1.136473741363999
1.1366073402441694
1.1367180418724199
1.136810146111545
1.1369940806224457
1.1370555527200539
1.137164533358636
1.137229127577504
1.1374545773995461
1.137664372741468
1.1376799242104223
1.1377688195197777
1.1378285014774565
1.1381162695083424
1.138116990752487
1.1383818322224317
1.138755038001117
1.138927572796727
1.139091035122017
1.1391810092272685
1.1392456112932348
1.1395183664662516
1.1397325363763446
1.139926182901566
1.1400372391645643
1.1400835178345647
1.1407367388190839
1.1407848251038062
1.1408415638045972
1.1409085195264057
1.1409116202758725
1.1410083901228312
1.1410189131496373
1.141041709403764
1.1410981176546162
1.1413418734582153
1.141423544323693
1.1414320406831768
1.1414428687180296
1.1414665870911516
1.141468751537369
1.1415682379990775
1.1415905043875045
1.1421751813309697
1.142182272498411
1.1422178050441285
1.142396316682335
1.1424150133448672
1.142422889529241
1.1424542774302324
1.1424609820159644
1.1424802146277395
1.1425778166227385
1.1425869272730598
1.1427870310693105
1.1429636268988856
1.1430836848680763
1.143092602684697
1.1431718724032303
1.143296888933101
1.1433889095694094
1.1434352936212553
1.143440330632219
1.1434458251447648
1.1437514594536946
1.1440044522455288
1.1441111734398677
1.1442568727608593
1.1443220837875097
1.1444157152893026
1.1444916544399695
1.1446756648325898
1.1447739560625374
1.1447882889680665
1.1448700480867327
1.1451922636592602
1.1452547324188316
1.1453857844641384
1.1454143259350729
1.145439078687058
1.1454684891013833
1.1454930581875529
1.1458552490835912
1.1458567806302573
1.1458882912813044
1.1459007436937183
1.1459676048854144
1.146000889819377
1.1460530870189523
1.1460948077399487
1.14609902082096
1.1461382916295213
1.1463593905704936
1.146430954759778
1.146442285404712
1.1465487245214805
1.1466157449197207
1.1466597060528703
1.1467361620781216
1.1468447559369168
1.1469261519158032
1.1470537974078723
1.1470554368994283
1.1472140315858694
1.1473268366848057
1.1473532367617283
1.1475542522337439
1.1476011911953403
1.147719507410028
1.1477256534010025
1.1478316222263698
1.1478496617287153
1.1478570515696114
1.1479235316103593
1.1480227589166048
1.1481674132155217
1.1482053983679437
1.1483658961799215
1.1484613606084815
1.1484684927871174
1.14854717884927
1.1486769081185908
1.1487632851003418
1.1487723332575075
1.1488457314770717
1.1488562062804248
1.1488935533598839
1.148901188567081
1.1491141647463843
1.1491557059487747
1.1492212113754776
1.1492474611603913
1.1492583545208763
1.1493761179835043
1.149530137326575
1.149636560121851
1.1496639267030981
1.1498679045654363
1.1500053025645551
1.1500056403217693
1.150031277278083
1.1501278608093226
1.1501539085149184
1.1503136881688676
1.1503606512721076
1.1505089794143182
1.1505610770681898
1.1505662387166244
1.1505822616651864
1.150820118199114
1.150919732134171
1.1509841851934173
1.1510695554571908
1.1510797948825597
1.1511283285055505
1.1513182993770608
1.1513707202818542
1.1514240089687444
1.1514570285127539
1.151558958731002
1.151585156715894
1.1516369796817894
1.1517316631236776
1.1518047839345034
1.1518454092009753
1.1520154648546281
1.1520218237097453
1.1520286269465778
1.152048668323541
1.15213475872914
1.1521547239156658
1.1524640065828995
1.152553670105046
1.1526212317050766
1.1527755457740572
1.1528321074066203
1.1529339361839417
1.1534135099718297
1.1534284898033065
1.1534721547813478
1.1534769812640793
1.1536719322479188
1.1536902346600897
1.1538128089443358
1.1538920776240948
1.154048113531596
1.1540764009619084
1.1541592191862295
1.1543013020915271
1.1543680466540547
1.1543926686322854
1.1544487060397204
1.1545123562537687
1.154535305258079
1.1545855944576005
1.1546034682174535
1.1546043768058298
1.1547073813333373
1.1548086809103795
1.1548298432680808
1.1548389838105024
1.1548855280423214
1.1549033049772484
1.154922015081668
1.1550663141638557
1.1550931498374517
1.155134502093372
1.1554051276161006
1.1554651343258457
1.1554667825161535
1.1555670179493323
1.1557394299632473
1.1557964483205574
1.1558638692421894
1.1559182561641936
1.1559347590521127
1.156274965096602
1.156284655348896
1.1563204382003804
1.156618775898428
1.1566268326847657
1.1568311735789731
1.1568658398637925
1.1571075343815531
1.1571362502524132
1.1571453671740222
1.1571900198394196
1.1572435281665931
1.1579276785357118
1.1579705317090574
1.1579998143283556
1.1581371370142426
1.158150662728526
1.158197133617867
1.1582181043443895
1.1583766785091563
1.1586011679456425
1.1586265346975704
1.1587061164490524
1.1587084298736534
1.1589174197547443
1.1589766565147743
1.159099005120573
1.159156739969481
1.1593196487756403
1.1593415844588069
1.1594396381568013
1.1595826571101497
1.1596323650040328
1.1596772948922844
1.1597306462162391
1.15973755912961
1.1597415185389386
1.1597625734522898
1.159799025494831
1.159894302807095
1.1602088964519988
1.1602388749773551
1.160258146249157
1.1602734641680954
1.1603184111884086
1.1603626917810361
1.1603758128894397
1.1604252869504337
1.1604917853818721
1.1604965904064855
1.1605987917051805
1.1607314262500854
1.1607474610630664
1.1608919934891055
1.1608973909042792
1.1609138108636032
1.1610290498732077
1.1612081617407606
1.1612127219318316
1.1613537084088954
1.1613892261151573
1.1616548725224924
1.1617635400166746
1.1617781139540406
1.161791927548084
1.1618165906954971
1.1619352885791383
1.1619362028051983
1.1620372564377432
1.1620430158729391
1.1620435130857605
1.1621006691087892
1.1621498675154425
1.1622272704782488
1.1622489807242382
1.1622660306959347
1.1622823654736236
1.1623110533656809
1.1623244058437243
1.1624935308481497
1.162627161251486
1.1626322021893858
1.1626480769885552
1.1628514259451668
1.162963599160696
1.1630267012163018
1.1632658998639014
1.1634174872656098
1.1634564095261104
1.1634866247445033
1.1635854725070551
1.163626839396365
1.163672141009828
1.1638482399014625
1.1639006223668165
1.1639036877658113
1.1639942061272217
1.16401321453139
1.1640428894518238
1.1640868707058103
1.1641389102125779
1.1641585891458763
1.1641734068442602
1.1644454913037725
1.1644510805722146
1.164523120539003
1.1646149709379723
1.164640881167262
1.164697696585507
1.164713099639917
1.1648226493731002
1.1648365186411112
1.1649014437773642
1.1650108252532467
1.1650268427101367
1.1651011215811364
1.1651077387323499
1.1651385843903204
1.1651501508051245
1.1651740909100625
1.1653423021154417
1.165442345125433
1.165455904935873
1.165511083312986
1.1655846026000112
1.1655948753580119
1.1655957789852276
1.1656542836791444
1.1657189915368156
1.1657735451824427
1.1657817427904638
1.165811293362209
1.1659115245464808
1.1659574248589595
1.1659836793260896
1.1660014176560145
1.166017191590096
1.166113529376025
1.1663131847415302
1.1663628731044118
1.1663923595744128
1.1665680509625918
1.1667466311379184
1.166803816879433
1.166804921619629
1.1670165687812466
1.1671269054640532
1.1673083959889787
1.1673392945999248
1.1674718101097223
1.167803792900689
1.1678065750498041
1.1678084003001223
1.167809604247042
1.1678775533790173
1.1679273509715928
1.1680192471711899
1.1683078481132323
1.1683126370923032
1.1683636864121667
1.16840003779789
1.1684922527142139
1.168502957254377
1.1685288136417915
1.168593049393098
1.1686162049727433
1.168630828211966
1.1687566687899276
1.1689674146974427
1.1690017464401004
1.169089766312247
1.1690935535884328
1.1691008808387806
1.16910959313365
1.1692270439254575
1.1693057574619115
1.169548605281964
1.1695971242636836
1.1697957075586203
1.1698395349810344
1.169920447760254
1.169943505346236
1.1699880416876207
1.170054597089314
1.1700845071249852
1.170124916265106
1.1701876810473635
1.1703104656351755
1.1704459032357348
1.1705001380925644
1.1706454204927856
1.170658133422207
1.170704584609877
1.1707844688029705
1.1708518629795674
1.1709661063112484
1.171004914065351
1.1710635657148143
1.1710707844183308
1.1711570289852828
1.1712604911500684
1.171338525520128
1.1713620066215735
1.1714619269323128
1.1714790171891623
1.1714853089053663
1.1714875403208151
1.1715360271899713
1.1716579805752214
1.1720436386060904
1.1721357863432282
1.1721626117644566
1.1723859951825868
1.172423218225192
1.172428914327734
1.172457585692479
1.1726278287859984
1.1726631911981433
1.172673775082307
1.1727537588839436
1.1727861511113085
1.172915267021052
1.1730539942936629
1.1731122923407662
1.1732092793350581
1.173313595199078
1.173346157546784
1.173519532262535
1.1735937255199178
1.1739363444755315
1.1741177403718366
1.1741620569449938
1.1742057590945758
1.1742751677051726
1.1742869399794207
1.174399522075597
1.1744492429290265
1.1747189370528455
1.1748009758933167
1.1749821443128128
1.1750897078892435
1.1751129990044733
1.1751886235755522
1.1752372309740307
1.175292084919746
1.1755615262700658
1.1756142894447172
1.175659129577457
1.175681611469529
1.17580373004109
1.1758288538011181
1.1759751429757799
1.1760377581195052
1.1760646253397888
1.1763785800455813
1.1763814287569445
1.1767910363134138
1.176834984257204
1.1768580096815726
1.1769155754449911
1.1769281609851463
1.177305910568149
1.177396467139468
1.1774840324151692
1.177517054260453
1.1775614138966237
1.17785756844416
1.177889152132748
1.1779243523127447
1.1782709529915103
1.1783372851137421
1.1784787097943559
1.1785131485037883
1.1786842866090177
1.1786977924981863
1.1786981906587015
1.1788357326942762
1.1788510841272435
1.1789517482406544
1.178984853709212
1.1790306363417946
1.1790587834876256
1.1793509246465803
1.1793679985841845
1.1795591672549455
1.1795811099021045
1.179696252338538
1.1797048333085762
1.1797716204127457
1.1798786409161437
1.179934886929197
1.180050243901185
1.1800664558534153
1.1802090622624017
1.1802843374990328
1.1804784236893466
1.1805316102404788
1.1805488114642917
1.1807201429880856
1.1807412894543445
1.180776728592911
1.1807782136761567
1.1808020181855408
1.180817724554414
1.1808573407591187
1.1808825273002386
1.180932750102403
1.1811494024646607
1.1811625180130911
1.1812311216460423
1.1813494727939535
1.181373662909962
1.181377291022572
1.1815666915778296
1.181579910869021
1.1816366376254188
1.1816547930156254
1.1818278646566494
1.1819715740187329
1.1821164719083521
1.1821276639481575
1.182234041383547
1.182318383948337
1.1824077770384913
1.1824295556878603
1.1824630756286276
1.1825081439281036
1.1826072315915557
1.1828489527849806
1.182898814585453
1.1829813052487195
1.1829894470282178
1.1829952340150192
1.1831745896044572
1.1831761618295509
1.1832267215953385
1.1832435785915802
1.1833876805832535
1.1834948621337453
1.1837767316661525
1.1838123092502526
1.1838357777654
1.1838507659378776
1.1841998428096259
1.1843401094761192
1.1843876482377853
1.1844317007714529
1.1845486619390637
1.1848271761767442
1.1848885607719732
1.1851318462895577
1.1851925994741828
1.185226976280558
1.1853128075515618
1.1857745388933183
1.1859525609186228
1.1859541985342974
1.1860790444276421
1.1861345516770063
1.186181140699798
1.1862544989974804
1.1866360458516267
1.1866447038693557
1.1867871787529154
1.1868379020949307
1.186841179898788
1.1869433272194885
1.1869588379105307
1.187074506744565
1.1872118754211567
1.1874616843704717
1.1875311504536925
1.1875813231141155
1.1876372304889897
1.1876385724578435
1.1877025104353989
1.1877448219882514
1.1877578401736604
1.187843225969
1.1879007368617513
1.1880906480528883
1.1882894717008967
1.1883586719083654
1.1884780227661158
1.18862537099183
1.1886683394911233
1.188744790395535
1.1887694802608004
1.1890354591752295
1.1892548675775265
1.1894728651191597
1.1894729600728349
1.189563693395863
1.1899900234089646
1.1901106665979344
1.1901609227422505
1.1901832853031253
1.1902158312112643
1.190345664373108
1.1903690144959145
1.1904080479787975
1.190440652638567
1.190520304850765
1.1906463627648385
1.1907036031822844
1.1907124910509599
1.190847773756806
1.190940348912746
1.1909588793078902
1.1910829574007855
1.191090924293344
1.1911204139215756
1.1912346972404588
1.1915208531075956
1.19154472208308
1.1915885219462081
1.1916574676069147
1.1916858754478397
1.1917264044423364
1.1917885411009184
1.1918431574425423
1.191891277937751
1.1919859854135293
1.1920184024900438
1.192037616421624
1.1921458025892944
1.192216206445226
1.1922456867995666
1.1923240240961221
1.1924092110752191
1.1924842547989503
1.1924995242270817
1.1926518746842278
1.192731896981595
1.1927356473959432
1.1928262851032503
1.1928735157408563
1.192995045088185
1.1930359359157128
1.1930689331860749
1.193146515100474
1.1932009743141045
1.1936142323722634
1.1936499468665234
1.1937161984345317
1.1937745174729169
1.193788928011634
1.1937940052220573
1.1938036720429512
1.1938862318756611
1.1938990315787341
1.1940147742814209
1.1942418161656723
1.194301172119276
1.1943384324113202
1.194341804359421
1.1950686532347288
1.1951731884587768
1.1952103425654388
1.1957163434579459
1.1957176955774353
1.1958460948460028
1.1958692652498506
1.1960746442537133
1.1961741702316329
1.1962324134794444
1.196246271543004
1.1963048538641996
1.1969381363850677
1.1969440175087684
1.1970728945151805
1.1970796514246045
1.197091593685201
1.1971649548074552
1.1973269672407238
1.1973562912193563
1.1974889087464549
1.1975229173561914
1.1977437003496105
1.197981216152478
1.1980852416133356
1.1981056573600735
1.198222134006012
1.198252231340947
1.198523161831779
1.1986924892362845
1.1988163098238265
1.198877165454361
1.1990171937718366
1.1990962089168475
1.199155026609542
1.1992135139818885
1.1993566025751954
1.1994379636702297
1.1995864165155394
1.1996170939742223
1.199682516917604
1.2000454464390609
1.200068211968902
1.2003725215948755
1.2004949328286623
1.200517706581234
1.2005381337947667
1.2010266389667472
1.201031000223687
1.2012692255201027
1.201358890938529
1.2015325229363831
1.2015509141941885
1.2015617602625535
1.2016386900876765
1.2018135143412982
1.201888406989251
1.2018904090416302
1.2019506883608866
1.2021451934350076
1.2024326366717706
1.2024808924033576
1.2025215699249034
1.202536459234923
1.203044641475593
1.2034381052341998
1.2034447087886848
1.2034787956877526
1.2035405839606463
1.2036339008013526
1.2036452379927256
1.2036473376382966
1.2036672490255689
1.203667317520605
1.2036948115762631
1.2037579398864282
1.2040850323857
1.204274457159218
1.204407690021654
1.2047060201601734
1.204747635242415
1.204768058939383
1.2049864123501586
1.2050454681591731
1.2050564931860832
1.2050571636960352
1.2051358325176618
1.2053332299881498
1.205356110593909
1.2053788037925486
1.2054202800028029
1.205716899303574
1.2058831838105564
1.2059851180731072
1.2060566641126511
1.206140403206962
1.2064441597729387
1.2068237874802517
1.2068763236146507
1.207122182282483
1.2072391407021756
1.2072697421033975
1.2073733761996868
1.207534143788924
1.2075672264499226
1.2077522743346467
1.207822575332972
1.2078302665748486
1.2079921537507552
1.208009346127647
1.2080094952394431
1.2080259512815672
1.2082706082025465
1.2084864187579933
1.208615503406234
1.2086421552477864
1.2086841162521875
1.2087307600876047
1.2087799849836034
1.208849359567161
1.2089378578455614
1.2093359752865624
1.2095222395225078
1.2096376143475973
1.2096396280094686
1.2097211461495831
1.2097267736506103
1.2097396709426118
1.209782893499736
1.209904141411034
1.2099247391478332
1.2099731642113063
1.2100016099342255
1.2101979303042973
1.2102934791794377
1.2102944492440202
1.2104293403234054
1.2104725460682437
1.2106120858564082
1.211012746670922
1.211184399917823
1.2112503173221372
1.2113106049810667
1.2114599008504872
1.211491553169493
1.2119542920355417
1.2120325879304708
1.2120457223648524
1.212196042417237
1.2122331354086187
1.2122364250762125
1.2122976601907722
1.2123273525144245
1.2123502217521316
1.2124216327905624
1.2124478280546604
1.2126705359883165
1.2129004645708075
1.213100301468069
1.2132465698783859
1.2132766086351028
1.2132864386437756
1.2132997330818538
1.2134794258140804
1.2136928365445463
1.21369327348408
1.2137477795137672
1.2139413957906904
1.2141127140991195
1.214155435472315
1.2142459914475747
1.214408836489926
1.2145338690302006
1.2146530756067815
1.2146640462658684
1.2147524240800043
1.2148801425834828
1.2149164928271112
1.2150374493522118
1.2150579440692821
1.2150797029972396
1.2152106982054034
1.2152270358907382
1.2154107550901923
1.2155820292476724
1.2156214473048015
1.2156283467093523
1.2157417893593394
1.215963451567968
1.2161089397571012
1.2162265460942914
1.216322796755122
1.2164190100647438
1.2165144591603263
1.2165324672680171
1.2167543668423866
1.2167845343685224
1.2169133886650179
1.2169284085748862
1.2170524549942054
1.2171731735702696
1.2172295349694864
1.2174040130779775
1.217438633037577
1.2175403745429367
1.217541318159517
1.2175482723606197
1.217616784627317
1.2176728260480794
1.2176797768319363
1.2176819692873873
1.217682710982414
1.217794934443806
1.2179046945071097
1.2180962915745848
1.2181042317862372
1.218377845015646
1.2183793314856999
1.2184776187611304
1.2186392283675866
1.2188943579427256
1.2189855881384852
1.2191392057974704
1.2193362076363354
1.2194178073133446
1.2195189887970428
1.2195261564018585
1.219529810133374
1.2195300390621635
1.2196255584704634
1.2196961365843262
1.2196992002045006
1.2198182684646257
1.2198520842326919
1.2198955369122446
1.2199051828666103
1.2199149280403636
1.2199863848730477
1.2201930211833822
1.2203030677195155
1.2203568423770659
1.2203709961650369
1.2207331776918795
1.22082169789021
1.220935379700786
1.2209573058358532
1.220958296715478
1.2210246309909256
1.2210489601191568
1.221052206931505
1.2211200513780127
1.2211410650303105
1.2213205032753613
1.2214514403691599
1.2214993988470428
1.2215060819502905
1.2215982483277696
1.221890437564137
1.2218909053732705
1.2218934009064764
1.22197311829966
1.2221645526717186
1.222225901734496
1.2222875226636205
1.2223208118255318
1.222409178302361
1.222436268089716
1.2225193133792054
1.222589624810871
1.2226432052843552
1.2226901914792712
1.2228118930872975
1.2229869373291324
1.2230683449020163
1.2230822131468675
1.2232164224463165
1.223227188543003
1.2232525964658565
1.2232929371983516
1.2233031973979476
1.2233109893507506
1.2233519732291116
1.2233671848402643
1.2233745107853866
1.2233784694968726
1.2233890607314637
1.2234158457656144
1.223488798147245
1.2235189873551657
1.223559137274237
1.223570866315151
1.2235992424018738
1.2236884717837113
1.2236910352316654
1.223720589096473
1.223772838032792
1.2238566369792871
1.2239095732081522
1.2239235366443395
1.2239643927148829
1.2240652037335105
1.2243015792786756
1.2243259565112221
1.224372679451981
1.2243774290168348
1.2244172507062143
1.2245839527190392
1.224611433500882
1.2248567840822933
1.2248760692578775
1.2248881384864196
1.2250956276457585
1.2250978290417425
1.2252315875430988
1.2252474511415918
1.2252818358156188
1.2255472506417255
1.2255553416264668
1.2256126568690229
1.2256282586198475
1.225708224801554
1.2257224390365054
1.225725802485335
1.225772584974463
1.2258415048907114
1.2259120803942594
1.225979536223091
1.2260686687645324
1.2260841612018594
1.2261300571580147
1.2261347166328633
1.2261681917071274
1.2261846063972799
1.226227403284583
1.2262316309705241
1.226271412306198
1.226276067732501
1.226303425027656
1.2263084988168484
1.22640653616793
1.226417764124211
1.2264474239020213
1.226455553992227
1.2264629124472815
1.2265167101764425
1.2265354155169348
1.226543016938829
1.226584378041596
1.2266682874429584
1.2267579085903415
1.2267981050421732
1.2269679547924641
1.2270095294632861
1.2270382792955077
1.227058961233426
1.2271325080407485
1.2272292943187326
1.2273155614527944
1.2273806683979778
1.2274639691853861
1.2274726099236488
1.227614924671865
1.2277209131479543
1.2277882148692707
1.2278493997423083
1.2278548751744827
1.2279995955700473
1.2280816187529975
1.228092057224166
1.2281471815287264
1.2281762785448014
1.228281260509109
1.2283653565096928
1.2284069044439885
1.2284361828454848
1.2284671692583113
1.228470714869578
1.2284733153124412
1.2284882630341243
1.228530439601153
1.228554217301986
1.2286733102601786
1.228687883278374
1.2287028909445032
1.2287861654523657
1.2288099487184347
1.2288758487957727
1.228886235250523
1.228916448036152
1.2289524400206904
1.2290036936971134
1.2290107482625103
1.2290128722440505
1.2290588436972167
1.2290779485985972
1.2291042395931924
1.2291553743463646
1.2292484898260145
1.229286022890362
1.229295748239796
1.2294152314139342
1.2294576781053073
1.2297731712377216
1.2297848680952639
1.2298528775822046
1.2299486660659205
1.2299597699775664
1.2300843716421719
1.2302550626534392
1.2302638251355364
1.2303829639109023
1.2305169309807895
1.2305754852554345
1.2306886194200213
1.2307568612276376
1.2308510756739324
1.2309202828730645
1.2310014442950625
1.2310358141495972
1.2310551972114048
1.2311553668684543
1.2311771450147937
1.2312916841647645
1.23140138972158
1.2314579606165998
1.231669065372095
1.23177787206517
1.2318954077997275
1.2318994963444228
1.2319709190512136
1.2320981298164497
1.2321169864249277
1.2321406900465883
1.2324517525424676
1.2325862918370623
1.232674975565079
1.2326825051173516
1.2327072962814685
1.2327569561834435
1.2328034812264967
1.2328589886955141
1.232861661072965
1.232996104978571
1.2330719075325813
1.2331220066080557
1.2331838397438506
1.2331994160441184
1.2332064478405564
1.2333165177444767
1.233327636404359
1.2333286747564056
1.2334403001818839
1.2334752475030781
1.233664510309844
1.233722249469755
1.233821887174483
1.2338815633358724
1.2340934010446267
1.2343091466429459
1.2343228099108126
1.2343317107284144
1.2345928844431246
1.2346970701751139
1.2349059011873582
1.2350724621593352
1.23512918365871
1.2351901487478454
1.235229852775287
1.2353041998571364
1.235406278814894
1.2354073167200326
1.2354898560314118
1.235761610382774
1.2358141313164213
1.2358598988596778
1.2359114105959772
1.2359447492331719
1.2359588997377708
1.2359869370091892
1.2361281990172597
1.2361397495872488
1.2362014451567842
1.2362477380437438
1.236313773538136
1.2363318764297682
1.2364101318923266
1.2364831237725078
1.2365245502634765
1.2365585441964864
1.236639859992734
1.2366667191255716
1.2366821097428728
1.2369920265420087
1.2370429722006517
1.237083886555321
1.2370920042681928
1.2371449798418321
1.2372160083225374
1.2372780807208792
1.2373225020326681
1.2373710254486174
1.2374524342110507
1.2375143675778872
1.2375202421897642
1.2375445657486133
1.2377779157549536
1.2377820455677808
1.2378675130069114
1.2381366211751497
1.2381376731320293
1.2381891086488261
1.2382075882878587
1.238672022051745
1.2387944802616626
1.2388414957549654
1.2388938354923487
1.2389382863322267
1.239116893042503
1.2391326111021652
1.2391434467136873
1.239162792034782
1.2391714833529133
1.239227131419252
1.2392586882979892
1.2394973820380055
1.2397972544635023
1.2398043776363024
1.2399128022101353
1.2399242928796588
1.24004964306995
1.2400751652248116
1.2401945259335776
1.2402136081373
1.2402377280271881
1.240298117188029
1.2405558631590898
1.2405615084743518
1.2406724409177867
1.2407249430938871
1.2408248998536189
1.2408442216135902
1.2409384790283384
1.2410100017527872
1.2410124533037854
1.241050425685913
1.2410860344380514
1.2411224959224951
1.2411477538132738
1.2411524147982167
1.2412283717317392
1.2413691214107527
1.2414136891878444
1.2414651469402158
1.2414674759782682
1.2415149156692304
1.2415169356349578
1.2415384237224771
1.241554139369675
1.2417879556169287
1.2418262204026334
1.2419320820367117
1.2420947192231306
1.2422028397059919
1.2423623648201731
1.2426684812762863
1.2427258224502284
1.242775714547267
1.242825883040985
1.242954896266451
1.2431725126252202
1.243416205658976
1.2434310823855965
1.2435592258351873
1.2436022885990607
1.2436833181824234
1.2437038081668892
1.243804126228352
1.2438158329564184
1.2438752436556904
1.2440182828938968
1.2441613833213045
1.2442498377699798
1.2443455265079868
1.2443985904425658
1.2445489868528752
1.2445557839185122
1.2446094315193947
1.2446417329317767
1.2446994530062958
1.2448388915190025
1.244937462492516
1.2449791244271
1.244997208435722
1.245067058649793
1.245380508616543
1.2453897843704091
1.2455832759848093
1.2456497278181138
1.245820378113099
1.2458632508800211
1.24599875457845
1.246099389825244
1.2462276240308827
1.246375625711
1.246389373531459
1.2464702823125788
1.246579505865739
1.246590204971555
1.2466759961230724
1.2467503790300403
1.2468269011892041
1.2469687559083524
1.2470170832240344
1.2471861634723367
1.247369906526405
1.247607146178386
1.2476336055892479
1.2476544749979
1.2478682523703963
1.2481041924742047
1.2482021074372218
1.2482364512044832
1.248424924322159
1.2487482843637303
1.2488624477689265
1.2488990334299663
1.2489810156537275
1.2492015916436037
1.2492744785127823
1.2493222206317969
1.249349819868391
1.2495537493832727
1.249686295900365
1.2497310556461665
1.2498634643700062
1.2502239124542125
1.2502903423585294
1.2503717149361784
1.2504045563183714
1.2505044245449142
1.250683104086697
1.250757622991252
1.2507937381712184
1.2508643169062523
1.250865588214234
1.250929117425184
1.2510088762156497
1.2510130775052082
1.2514166399476352
1.2515252355120645
1.2515316542845838
1.2517150959730017
1.2519268859300126
1.2519892254433258
1.2520443387499347
1.2524280535242511
1.2525059656209219
1.2525223888893813
1.25260199798476
1.2527645297373418
1.2529786066268047
1.2530222019545465
1.253219231674915
1.2532867895193343
1.2534189428532916
1.2534384966432406
1.2534832684602504
1.253683052990876
1.2536830855338077
1.253927187662128
1.2539896918756157
1.2539933286027063
1.2540814349687164
1.2541534837963126
1.2543798437797231
1.2544507758246481
1.2545185089807351
1.2545645634423985
1.254578673988397
1.2548392995798683
1.2549735903194987
1.255310742531411
1.255462217831168
1.25554516816401
1.2555936886076156
1.2558424580975287
1.255928580674886
1.2563858292030847
1.2565488622492458
1.257413401158648
1.2574780175842235
1.257864265182678
1.2583437713157184
1.258413024670883
1.2586328269958516
1.2589239141025417
1.2590457088376419
1.2594448783106722
1.2595513726460714
1.2600913555759186
1.2603757222491159
1.2605479610696904
1.2610126679473022
1.2610899252376446
1.261524040503295
1.261551999712878
1.2615781177415974
1.2616401071060106
1.2619503083540535
1.2621685725852816
1.2622354377269014
1.262343570508251
1.2623724044897446
1.2627899646784047
1.2630661316804934
1.2631303498662703
1.2632278525538612
1.2633738742044043
1.2635094546147987
1.2637905773797087
1.2638344952361635
1.263880129725185
1.2638821231187536
1.2639816338880716
1.2641414525678074
1.2642032186916494
1.2644975982993434
1.264644057317517
1.264699395038803
1.2647869269121452
1.2651360917641847
1.2651405118259509
1.2653158834048477
1.265340778763995
1.2653949100166904
1.26566522024091
1.2658613711389766
1.2660073739925626
1.2660102019447255
1.266022649876863
1.2660292674533131
1.266094600769735
1.2662064689592392
1.2662162670944628
1.2662975519595892
1.266531301732403
1.2669487889457312
1.266952707857963
1.2670079416443576
1.2671156624420759
1.267327081721613
1.2673314840896652
1.2673486439775656
1.2673957435463352
1.26767817597003
1.2678254767963837
1.2680208904722852
1.2680314128305221
1.2680576657256277
1.2681464485817517
1.2681606620210673
1.2682049689795898
1.268408668461466
1.2684420746866356
1.2686469144669523
1.2689886186596009
1.2692253589346432
1.269289913017916
1.2694409929533188
1.2694543853164546
1.2695063272955893
1.2696060169272785
1.2696194274756234
1.2697569441854386
1.2698719701509886
1.2699553021852525
1.2701126802035192
1.2701411239447162
1.270251545404504
1.27028411716052
1.2703491214291953
1.270498317544744
1.2708184135328071
1.2709541686626176
1.2710135814413086
1.2713389989896209
1.2714352031562492
1.2714709451117185
1.2717254462753074
1.271793771396498
1.2718010924282304
1.2720426903080087
1.2721029985864425
1.2721597130909637
1.272164812453783
1.2723205105467448
1.2724718413082152
1.2724975149821056
1.272588774176204
1.2726488470985589
1.2727286220061946
1.2728547720900307
1.2729498529463426
1.2731877310953355
1.2732050690598438
1.2733302298060525
1.2733705706342422
1.2735182932174656
1.273537052874124
1.2736154965136908
1.2736490183402271
1.2740659217085826
1.2742174625227913
1.2742442613956888
1.2743320810714143
1.2744652089461732
1.2745342246483795
1.2747698879241884
1.2749634568486814
1.275023985233537
1.2751924156345393
1.2752063827141524
1.2752352662069733
1.2752924211370686
1.275312087450777
1.2753184802858955
1.275566474271118
1.2757853378250497
1.2758072282279198
1.2758408099263432
1.2758594447243983
1.2759350729105068
1.2759502148218753
1.2761695799027208
1.276202605642566
1.2762389252133577
1.2762607848025351
1.2763275451356269
1.2763606378276267
1.2764175144839358
1.276445290161711
1.2765922330534059
1.2766296719002141
1.2766466507393672
1.2767683053613805
1.2769428378480037
1.2769648022356692
1.2770296953700686
1.2770750276367009
1.2772348992406977
1.2772915198260877
1.2774033743412472
1.2774416630725456
1.2775131667582675
1.2775203538917717
1.2776291556904824
1.2777017191534301
1.2778152460495438
1.2778419547837885
1.2778751244897713
1.277903460407379
1.2780610620505575
1.2780739031332662
1.278203204608801
1.278550883438792
1.2785864230549475
1.2787927948734024
1.278907432292581
1.2790073183001924
1.2790099873464473
1.279042233302742
1.2790792328960054
1.279085426729723
1.2790993396654233
1.2791986606600227
1.2792054980706553
1.2792057766145173
1.2793358138163118
1.2793909492274909
1.2795213788898478
1.2796501477713185
1.2797402708674608
1.2797413290586859
1.279902254530321
1.2799161276995903
1.2799556143719242
1.2799706315052142
1.2800634906995034
1.2800895726345305
1.2801492920502318
1.2802539633587626
1.2803413176612424
1.2803660484120252
1.2804665363680718
1.280489329056351
1.2806188356153774
1.280670786612844
1.2808337230703972
1.280854487598642
1.280877597679138
1.2809028194586407
1.2809442336677874
1.2811071241571317
1.2811169857488536
1.2811457485267472
1.2811784141703164
1.2812298850306656
1.2812651369073627
1.281299920350925
1.2813499669166715
1.2814123719229236
1.2814693108250403
1.2815133284618876
1.2815424828178283
1.2816019473866052
1.2816557316806652
1.2817115085301614
1.2817127423600119
1.2817581666141096
1.2818167381554526
1.2818937788355136
1.2819596129524362
1.2819670192726107
1.281992501680873
1.2820001058830375
1.282020674752621
1.2821255733209929
1.2822182425306459
1.2823258283299477
1.282351255558556
1.2823888003198147
1.2824107722260496
1.2825746905505733
1.282595505591224
1.2827490577319278
1.2827764080770843
1.282831979425951
1.2828596509949863
1.2829113173655398
1.282913678991274
1.2829600906936052
1.2829653111667736
1.282997762071921
1.2830205073571401
1.2830539631872089
1.2831143589656955
1.2832900208938138
1.2833041228931241
1.2833718695083216
1.2833846677638043
1.2834583869802683
1.283481193479732
1.283521361844985
1.283552334239516
1.2836310449120063
1.2836510453285983
1.283776589079427
1.2838032227237426
1.2838135691867756
1.2838724397994878
1.2841479672271574
1.284212268348233
1.2842324092723405
1.2842437060723617
1.2842730479811006
1.2842814135700649
1.2842842017209686
1.2842959264794203
1.2842970831011826
1.284300322900292
1.284387933081872
1.2844301488582652
1.2844501440430993
1.2845437727156346
1.2845463130516745
1.2845615469678644
1.2845622051113141
1.2846284896164517
1.284662583279837
1.2847260731325176
1.2847499898425703
1.2847806803151132
1.284907339438308
1.2849341530815266
1.2849435058377103
1.2849524123137341
1.2849824497714384
1.2850008032113485
1.2850094404067873
1.2850309296066456
1.2850595355563272
1.2851022612353267
1.2851060245664347
1.285165607585987
1.2851749129447956
1.2853446320317063
1.285353682284671
1.285383533812889
1.285430999322221
1.2855176964680675
1.2856225171002442
1.2856604056259362
1.285794976580628
1.2858133668990048
1.2859183132372676
1.2859656757167675
1.2859894714783564
1.2860224056856435
1.2860549696122978
1.2860621900744817
1.2861742611203941
1.2862088625452266
1.2862357632165837
1.286241683894078
1.2862911743917407
1.2862929584615104
1.2863142851091107
1.2863994303807078
1.2864282281569341
1.286473379585076
1.286508543594984
1.2865768205217003
1.2867362309202885
1.2867401031194554
1.2868398914409567
1.2869029325397583
1.287194481101597
1.2871970581899401
1.2872580968465015
1.287304950842636
1.287423258507445
1.2874262171577144
1.2876982484221617
1.2878007481018823
1.287887882094919
1.2880760292088274
1.288355843363996
1.2884016076801357
1.288570876814886
1.2885863130560868
1.288598184728155
1.2887088893575178
1.289037665445136
1.289054588024684
1.2891179585726866
1.2891231329313977
1.2892322542915917
1.2893740286771143
1.2894132798602354
1.289414542365923
1.2896807910196535
1.2897551574601096
1.2897841616697747
1.2898003148756274
1.2898889267184817
1.290038852353293
1.2900771077097717
1.2901351583588665
1.290187177384758
1.2902248379194918
1.2902313237140732
1.2904283582769924
1.2904601880032196
1.290569874225059
1.2907349607689418
1.2907395253057452
1.2908974759078224
1.2909243777690114
1.2910246964842227
1.2910331507092272
1.2911732503295388
1.2912004622317934
1.2912084207035661
1.2912202262822299
1.2914069282437395
1.2914889946516568
1.2915405273197191
1.2915484346936557
1.2915620655961377
1.2917484578318112
1.2920777800521999
1.2921683886240212
1.2922008578359196
1.2922601304667658
1.2924459429941626
1.292459711537634
1.2925029657872253
1.2925126412028791
1.2925343396909337
1.2925631670111206
1.292629484286306
1.2926329008916497
1.2927845261456563
1.2927882536813549
1.2929451189936607
1.2930036512459526
1.2930277199428546
1.2930706752574417
1.2931088142763127
1.2931198966748962
1.2932322128275997
1.293497729765526
1.2935710129975915
1.2937271232838898
1.2938010606454975
1.2941274171698738
1.294200184820088
1.294227259559765
1.2942385830129717
1.2943310081489303
1.2944535687991892
1.2944708745751579
1.2945107634903898
1.2945183835811513
1.2945866739450125
1.2946801787128084
1.2951294316173143
1.295161925731912
1.2952610545086436
1.2953218290576194
1.2953321987317181
1.2953358816076874
1.2953605389756728
1.2954038083071169
1.2955405122107548
1.2956644768950172
1.2956808956292276
1.2957399065005604
1.2959086281170291
1.295948788905848
1.2961865202508998
1.296296484705071
1.2963667661740441
1.2966108615440213
1.296685431972676
1.296771259314437
1.2969294716559068
1.2972160687985042
1.297241020032292
1.2972704163540176
1.2973705179184951
1.2973709628859116
1.2973768201263471
1.2976757257348324
1.2977118489059232
1.2978000026859406
1.2980869399132968
1.298269781265236
1.298380582374142
1.2984164440768555
1.2984475388450014
1.298471500741348
1.298567512919634
1.298617221833545
1.29865292986199
1.2987157626258157
1.2987363442585604
1.2987468013246384
1.2988618642347265
1.2988953876941203
1.2989604091747577
1.299058308805971
1.2992695364512696
1.2994123180095842
1.299416560633761
1.2994804436131633
1.2995923800913822
1.2997668774455184
1.2998548331123108
1.2998657252936565
1.2999994886592732
1.3003000952191526
1.300451214843069
1.300559654784709
1.300573533175841
1.3006084959378983
1.300731532436561
1.3007703465666904
1.3007911265434267
1.3008464768510561
1.3008616778810842
1.300867898348142
1.300981219084262
1.300982371610643
1.3010436932115286
1.301128953056636
1.301188151476955
1.3013062513906273
1.3014142165812048
1.30148646737844
1.3015069995681856
1.30151248668107
1.3015371152997952
1.3016261695622129
1.3016286292588857
1.301636763345764
1.3016926648940192
1.3018062098047585
1.3019831226756524
1.3020328905508842
1.3021057691315898
1.3021117621964893
1.302202558087613
1.3022911146112643
1.3023195011884183
1.3023673085981358
1.3024009129403413
1.3024379245384214
1.3025008705299292
1.302520144331507
1.302601385763084
1.302608609220444
1.3029336044342439
1.3030068692010013
1.3030577829622556
1.3033038758065094
1.3035212506731744
1.303660259889168
1.3036688029695138
1.3039624170845379
1.3039772628046231
1.3039833185480718
1.3040325233676855
1.304125550170721
1.3041837125491444
1.3043966440924146
1.3044115661384306
1.3046192725317522
1.304645656390153
1.3046541956024549
1.304728737129112
1.3047390503947371
1.3047935085565923
1.3049519708536987
1.3050799169253569
1.3051091712924683
1.305376284184254
1.3054105454943408
1.3054497064581947
1.3054889538542713
1.305630181184064
1.3056354830379622
1.3059448277024257
1.3059647444937392
1.3059802146053416
1.3060301374804184
1.3060417890078355
1.30614357401199
1.3061901060850143
1.306324169753994
1.3063672110388818
1.3063851764317806
1.3065821623334617
1.3066930634024265
1.3071118532665398
1.3071448745594452
1.3071962933812562
1.307205175569234
1.3073516810475623
1.307492040513724
1.307550833405604
1.3076161890371625
1.3076455103829276
1.30779576437224
1.3078011223026875
1.3078495841469082
1.3078542715125248
1.3081331087841848
1.3082467666109447
1.308342206936347
1.3086167262729205
1.3087946025302597
1.3091241433258567
1.3091533674448015
1.3093009694277027
1.309321049651607
1.3093382538477245
1.3093583668016502
1.309452269847115
1.3095770295250726
1.309689845217848
1.309767445220407
1.3098771896097174
1.3099262792511088
1.3100787660835052
1.3103407500722923
1.3104098711199244
1.3105817683446426
1.310809336942264
1.310919874408855
1.3109254558740753
1.3110650308758947
1.3112033271982602
1.3112115800256823
1.3113537090726384
1.3113889740413227
1.3114999451236933
1.311543590775363
1.3116135942393203
1.3116152690256362
1.311635611195409
1.3116901171630355
1.3117224099699523
1.3118902039896059
1.311911158503518
1.3119170295721883
1.312005353231017
1.3120258690239934
1.3121881263864008
1.3122207132835002
1.312371429284619
1.312421991723285
1.3124260787985094
1.3124647207002547
1.3125953721552288
1.312605713183554
1.312658882928817
1.3127772231664727
1.3128543132808275
1.3128803916883556
1.3129380228133847
1.3129900367664322
1.3130854959579932
1.3133638331930284
1.3133917643839026
1.313575357943216
1.3135940915894877
1.313735733130975
1.31373748383785
1.3137959370701273
1.3138964437234766
1.314085843908005
1.3141437073687776
1.314303605422851
1.3143261115120506
1.3145760420502195
1.31462892932357
1.3147204700370259
1.3147355116981922
1.3149126131447524
1.314963519022464
1.315132203499271
1.3153906209208777
1.3156813113747374
1.3157451587437177
1.315858022821374
1.3159593942516277
1.3160974770013245
1.3161784307026951
1.3165211852908698
1.3166711410847942
1.317057811999246
1.3172359396985132
1.31749512978169
1.3175213831387211
1.3175225896047242
1.3175830558671913
1.3175831489333278
1.3176792461939129
1.31768878176381
1.3176941297161036
1.3178456936604428
1.3178499367507108
1.3178648006121085
1.3180958481842142
1.3181572378439146
1.3182691553674195
1.3183780595389083
1.3184925799371352
1.3186033404962236
1.3187939912382032
1.318841971667975
1.3189531694900407
1.319014508116767
1.3190349699051946
1.3190528920429143
1.319067276087554
1.3190792473674866
1.3192587764818393
1.3193100074759725
1.3193212398220429
1.3193213663736976
1.3193605365270435
1.3193978632427603
1.3195217047413195
1.319667018619302
1.3196962495212499
1.3198455918693
1.3199338595517565
1.320098617672409
1.320151808595309
1.3202207157114305
1.3202714224042749
1.3203121706429923
1.3203178250533678
1.320330608694272
1.3204274109426184
1.3204864929303644
1.3205450304498136
1.3207250527261873
1.3207970577034869
1.3208431323478869
1.3208510797743767
1.3209599067162845
1.3210319954249976
1.321114813912431
1.3211238319714103
1.3211793062183377
1.3212117684029037
1.3216457513293662
1.3216631788951383
1.3216850460216414
1.3216901561866248
1.3216946665855898
1.3217616039266642
1.3218280221868046
1.3218288927800783
1.3218657826691147
1.3219010106362687
1.3219024725065653
1.3220063298288725
1.3220120400546558
1.3220293672829402
1.322065333237125
1.322073831235543
1.3220764961143376
1.3221384626840604
1.3221606614359953
1.322254022585081
1.3223732728625541
1.3223815093941915
1.3223816931722256
1.3224032565260007
1.3224921671489547
1.3225686503864866
1.3225931709339327
1.3225933738578473
1.3226108627772695
1.3226113269334978
1.3226707304914602
1.3226864086975194
1.3227126881196867
1.3227695281227279
1.3228265326045299
1.3228881779554635
1.3229023835880116
1.3229281976083744
1.322934691390652
1.322984453389852
1.3230087134181001
1.3230801374251588
1.3231026794645706
1.323164703709326
1.3232124236645735
1.3232201326705553
1.3232499145314
1.3232607959983378
1.3232823932233087
1.3234192014895698
1.3234445575305196
1.323456870219394
1.323458867747207
1.323629945438409
1.3236873680388335
1.3238021003533162
1.3238393035603708
1.3238406053573297
1.3240347449606384
1.3240362137929345
1.3240675996571554
1.3240731096872966
1.3241377789931805
1.3241622805388986
1.3241626214730562
1.3241701914992647
1.3241876610383594
1.3242117008351197
1.3242252773567893
1.3243152934590845
1.3243397700446373
1.3243602810050052
1.324394497765035
1.3244073740221043
1.3244356008067228
1.3244388174328499
1.324460434668035
1.3244646767182389
1.3244960664395458
1.3245400512903378
1.3245555138561265
1.3245998492285744
1.3246140398987358
1.3246553833789358
1.3247340178923737
1.3248551848432537
1.3249217972971334
1.3250187176023773
1.3250655102713766
1.3251185743583989
1.3251506627452567
1.3251868895788814
1.3252604238256334
1.3252859057410178
1.3253158449687312
1.325328544508037
1.3253412528594912
1.3253452704787942
1.3254023255539567
1.3254164469141168
1.3254683062929415
1.3255450564219569
1.3256228546032682
1.325637491997706
1.3256483234391652
1.3256687225173214
1.3256727915608515
1.3256817923004116
1.3257255445915093
1.3257487355147681
1.325775854284737
1.325803658487287
1.3258736387732375
1.3259098650599217
1.3259570685633157
1.3261325454836246
1.326170243177576
1.3261767983167756
1.326199162289375
1.3262124365396546
1.326218158167308
1.3262229179118645
1.3262902395897858
1.3264183086529335
1.3264942062252676
1.3265441311585802
1.3265538405757584
1.3265545222591886
1.3265751449610406
1.3266460413142045
1.3266567438483226
1.3266700862848855
1.3266798404252478
1.3268712076527251
1.326890070651781
1.3268928488972123
1.326936425151761
1.3270881105347487
1.3270947598617475
1.3271185993958066
1.3271500474364886
1.3272165610373245
1.3272946634616896
1.3273147251224235
1.327382102393084
1.3274273312445681
1.3275373384446703
1.3275433787236524
1.327625565656917
1.3276390254315458
1.3276426073220162
1.327738107520292
1.3277790467692663
1.3277864729957662
1.3278175829740824
1.3280291189699256
1.3280368974946537
1.328082086737352
1.3281019447168085
1.3281437068087523
1.3281465918900925
1.3281760506766733
1.3282127142384834
1.3282307172075276
1.328232629319771
1.3282347461412096
1.3282879344182763
1.3283172368736533
1.3283608371655962
1.328364234564623
1.328420324767509
1.328490430232606
1.32852556595457
1.3286681289495545
1.3286717624700741
1.328754872831214
1.3288927830106163
1.3289873712288456
1.3290939575203111
1.32910146792909
1.3291052949970967
1.3291771089918378
1.3291841265867852
1.3292002361629183
1.329226057254972
1.3293149313860808
1.3294184024581557
1.329436275958849
1.3295207271896359
1.329569954459307
1.3296228123166303
1.329651640338289
1.329677368851387
1.3296893687080962
1.3297748490940853
1.329803737069067
1.3298918758103462
1.3299363854052377
1.3299529201188263
1.3299654219732393
1.3299914077589878
1.3300131667471868
1.330013215649851
1.3300171867501696
1.3300304139199992
1.33005731336797
1.330169096378769
1.3301977934888307
1.3301995102669906
1.330281574910563
1.330286331463992
1.3302999161870501
1.330313972189768
1.330379540633341
1.3304138877279863
1.3305236445363173
1.3306030441656098
1.3307711269981237
1.330812073050882
1.33082665773994
1.33083090786481
1.3309099424095618
1.3309559784307965
1.3309785152014268
1.3311029846898543
1.3312176719610742
1.3312296618720418
1.331311385001599
1.3313120510413454
1.3313201072872352
1.33143885170605
1.3315317627768777
1.3315728048963769
1.3316444013699713
1.3316945518670362
1.3317579680268605
1.3318548422247463
1.3319218041891743
1.3319234578364052
1.3319464720011964
1.3320193755947534
1.332087106716973
1.3321240084282933
1.3321280527851014
1.332170830010937
1.332173765384577
1.3323062393878824
1.3323264803844854
1.3323310179154875
1.3323624949804667
1.3324586787463764
1.3324695175866044
1.3324828949944898
1.3326612831535698
1.332666577270756
1.3326753326491807
1.3327600849533097
1.332874830672042
1.332893985266625
1.3329947286676413
1.3329952608884614
1.3329972946474202
1.333007724044727
1.3330390023159193
1.333075811945398
1.3330883230779065
1.3331687487938537
1.333227532595887
1.3332553053997944
1.3332866282266203
1.333412461177309
1.3334569800029994
1.333463609833854
1.3335068451180088
1.33350824610664
1.3337581758284696
1.3337653152306468
1.3338302050179225
1.3338318144048702
1.3338727595855822
1.333923705766423
1.333972904649814
1.334047616966049
1.3341087609402817
1.3341265743149586
1.3343079177041515
1.3343428897913607
1.334430707619856
1.3344462224823912
1.3344570461974805
1.334500260829222
1.334537871377654
1.334562348985936
1.3346017426390417
1.3346125864213283
1.3346892182215289
1.3347898500522841
1.3347960816262079
1.3348646716162051
1.3350819005980274
1.3350967326628158
1.3351335986386323
1.3351382044797486
1.335145244417161
1.335206286013617
1.3352147097413378
1.3352316824924575
1.3353544982922156
1.3354281531019732
1.3354638435067567
1.3354907382692691
1.335565586879812
1.335595646783119
1.3356150517513785
1.3357234549594688
1.3358266593194614
1.335843977350412
1.3358891009117553
1.33589270872521
1.3358927815235757
1.3359034026466432
1.335978691354344
1.3360340220157
1.3360655971142634
1.3361860105013919
1.3362362381158837
1.3362497025962679
1.3362859494532666
1.3363265376596665
1.336340948061737
1.3363529331236756
1.3364138173747169
1.3364312584538707
1.3364400236995915
1.3364659902621678
1.3364873874033758
1.336524202580093
1.3365539550966767
1.3366083819775831
1.336625685327329
1.336776350161346
1.3367982917771024
1.336809751000446
1.3368754045630664
1.3368783201999395
1.3370830224926118
1.3371006755357673
1.337120857516284
1.3371334564903115
1.3371892877353306
1.3372151382377773
1.3373074502204827
1.3373278884795765
1.3373472780123228
1.3373498488379838
1.3373739967699843
1.3373813191089843
1.3374133581159648
1.337422448481013
1.3375575985711239
1.3375715690966439
1.3375723358080152
1.3376050258167391
1.3376185767093753
1.33765607742463
1.3377603631322845
1.337768402494177
1.3377776709466438
1.3378370914195075
1.3378636769933152
1.3379388962559953
1.3379605444752303
1.3380430511443289
1.33806216245727
1.338064401566314
1.3380887562023824
1.3380904115619892
1.3380984928340203
1.3381612160086984
1.3381615634517876
1.3381855604151167
1.3382431589739305
1.338272178268833
1.3383444959735225
1.338356689200947
1.3383921299580703
1.3384380745078235
1.3384494012862154
1.3384624572473003
1.3384669727010823
1.3384877252390195
1.3385447709160874
1.3385496039908356
1.3385520142371217
1.3386202335751591
1.3386890997418994
1.3387375857436599
1.338881545677387
1.3389485215679535
1.338985295532656
1.339030498924735
1.3390465978087112
1.3390936450009299
1.3391125090917184
1.339156933493167
1.3391803784361431
1.3392687597587452
1.33943360549238
1.3394836032308657
1.3395145123232441
1.3395499558488586
1.3395715396448482
1.3396640263848498
1.339699295953024
1.3397054871523673
1.339763640588268
1.3397697628832048
1.3398439059463285
1.339941702853447
1.3399793328682312
1.3400211350150808
1.3401855939929195
1.3403512813796152
1.3403809597622613
1.3404016187350358
1.3404256045713518
1.3405505905692077
1.3405790255517718
1.340589476913888
1.34061840177032
1.3406249036697016
1.3406259719749045
1.340672059965233
1.3407231424131858
1.3407981144705452
1.340900910480782
1.3410200161402914
1.3410265762148739
1.3410346136747222
1.34104338780183
1.3410695872257594
1.3410738783067155
1.341134573229841
1.3411393194162775
1.3411435215825989
1.3411520538951285
1.3411723400321536
1.3412214864930152
1.3412989709856906
1.3413003941387702
1.3413372993568935
1.3414199282168042
1.341421259124098
1.3414851507320509
1.3416523017921962
1.3416767570373773
1.341755893347419
1.341793706355922
1.3418373543161861
1.3418603714014936
1.3418963988992836
1.341976312664716
1.3420721006762564
1.3421132175239066
1.3421204523542538
1.3421394988334465
1.3422875102129057
1.3422904518942238
1.3423009272355662
1.342399550664258
1.3424367310589362
1.3424442451582759
1.3424635785605095
1.3424839940960356
1.3425145479964038
1.342593258873717
1.3426173671458927
1.3426338492797611
1.3426343462282244
1.342720816392866
1.3429566658480985
1.3429825877006558
1.3429833875327455
1.3429834948034696
1.3429861239279859
1.343032602833688
1.343114820402495
1.3431253866530224
1.3432239782135287
1.3432407245329234
1.343295717398959
1.3432971557604694
1.3433457145741579
1.3434269890626498
1.343435338131817
1.3435330919075077
1.3435423949177348
1.343564354286132
1.3435781184856292
1.3436667388655772
1.343814878355688
1.3438865042139838
1.343968362762817
1.344074919045668
1.344083564481394
1.344095335319124
1.3441562364910962
1.3442084515140225
1.3442296729211962
1.3442949385733654
1.3443285418967605
1.3443369724336038
1.3443679691210226
1.3443928211058014
1.3444272435574207
1.3444811145781823
1.344499356616968
1.3445021597946223
1.3446296461537184
1.3446749576253325
1.34474244196241
1.3447961062108775
1.344855353735353
1.3448709725748016
1.3448727699951017
1.3448820046901484
1.3448866863457367
1.345039560216529
1.3451723562145157
1.345219151816681
1.34522377718388
1.3452949699665844
1.3454552251939516
1.345456022265287
1.3455260351352738
1.3456058081926443
1.345631595315439
1.3456795573785072
1.3457939443714537
1.3457992325266328
1.3459205573169608
1.345944693688562
1.3460600978100998
1.3461149781195647
1.3461169515755624
1.3461975030343298
1.3462630776971245
1.3463236613174705
1.3463527573248226
1.3464128765703518
1.3464406641649198
1.346467138461681
1.3466476901508184
1.3467349070599484
1.346756824642527
1.346794526757499
1.3468001192424135
1.346813968958272
1.3468326045008017
1.3469103868512606
1.3472520529919927
1.3474558280896587
1.347492206557368
1.347494447035507
1.3475177019776938
1.3475744383900454
1.3475932659874683
1.3477333737874497
1.3477352072739288
1.347741168769317
1.3478288868755077
1.3478423369643526
1.3478601823551122
1.3480058153463568
1.3480604430614074
1.348113593605115
1.3481564415786702
1.348221517496678
1.3482311699936973
1.3483365491721613
1.3485322805148294
1.348590173430482
1.3486489769828758
1.3486995273813325
1.3487766374705414
1.3487849618348444
1.3490132937924204
1.3490725140448765
1.3492614748272156
1.3493124172978324
1.3493542594280632
1.3493745975812066
1.349458557688988
1.3494942414752393
1.3495421421844518
1.3496032482833982
1.349936305166499
1.3499424361319667
1.3500596005392207
1.3500748399330422
1.3500979353718783
1.3502810168512303
1.3502979159126356
1.3503031670666135
1.3504176685375282
1.3506218815407207
1.350753955132748
1.3507705262693617
1.3507853310102629
1.3508003901145407
1.3508843767411083
1.3511686739436413
1.3511687474816396
1.351276455640943
1.3513626702957808
1.3513805800081202
1.3514120913286962
1.3514541742451125
1.3515156702229707
1.3515207955312205
1.3516508714562532
1.3517850598973895
1.351863065275468
1.3519952854007444
1.3520273938562908
1.3521415789541946
1.3522114520987227
1.3523403090967319
1.3524378526222764
1.352476175200789
1.3525179723043752
1.3525422143229038
1.3525753504381657
1.3526473449359393
1.3526814951243462
1.3528464378375313
1.3528520057701074
1.3528696843619261
1.3529622762292275
1.3530138450314855
1.353452576183191
1.353546660626143
1.3536395382523676
1.3536534473574335
1.3538700342805163
1.3538998428337081
1.3540253961152144
1.3540805683278008
1.354288646347773
1.354327839894952
1.3543502722740601
1.3544139045302876
1.3544220986312159
1.3544372407055625
1.3544712859169123
1.3545627751671125
1.3547029132867592
1.3549073967727772
1.3549127194008028
1.355036569847638
1.3551825939487203
1.3551829137353408
1.3554045822779335
1.355547845798265
1.355607343516424
1.3558142638509714
1.3559358991925723
1.35602580159553
1.356143841326457
1.356208649949489
1.3562400523843923
1.356262842801897
1.3564600960445572
1.3565439678668243
1.3566709610675136
1.3568334114282874
1.3568364192573341
1.356881817609778
1.3570697844793
1.3571583143729975
1.3572278345129924
1.3572500303976447
1.3573436933618113
1.3574579699927671
1.3574590687279082
1.3574773285259916
1.3574867773826211
1.357614469532716
1.3577365423661725
1.3577994607268995
1.357827155991988
1.357943753197571
1.3579773209308559
1.357982191554434
1.3581218190753377
1.3581373013782534
1.358371834237176
1.3584646204679742
1.3585044317563868
1.358594737616948
1.3586621576494304
1.3586770125622092
1.3587192544518876
1.3588710067594345
1.3589094168773324
1.3589234768250413
1.3589839435242896
1.3591952247955077
1.3592823449351374
1.3592950895841596
1.3594183724851516
1.3594543495664397
1.3594850796870925
1.3595009284519222
1.3596439437530163
1.3596691546693211
1.3596979767889712
1.359836462189608
1.359848330371657
1.3598566739030458
1.3599770536970328
1.360029775852347
1.3600527128052184
1.36008108897761
1.360085312512221
1.3601369376824763
1.3602940096595326
1.360302670890136
1.360411483139255
1.360454930316953
1.3605184870490634
1.360580917405265
1.3608563508153206
1.3611164788513812
1.3614688686505605
1.3615922760745727
1.3616115210657354
1.3620044589840103
1.3623691373431281
1.3626332941786699
1.362700076765168
1.362913192594447
1.3630779895801224
1.3631360560117556
1.3633838842106167
1.3634453077284012
1.3635215559178728
1.3635937390737602
1.363721600048048
1.3637262772069194
1.3637640489958274
1.3638016020323573
1.3641489728878748
1.3642548677873
1.36448791401221
1.364553083105009
1.3645634877892203
1.3646003663385893
1.3646641731156453
1.3649386092753186
1.3649894878590751
1.36504985617805
1.365063082116584
1.365172419533203
1.3652534037368407
1.365366675480213
1.3658821413211342
1.3659996186563181
1.366026551269651
1.3660526858191369
1.3660824748952825
1.3661441262882752
1.3662281283803641
1.3663319933337439
1.3663698587572022
1.366554769022447
1.3665747345324204
1.3667505129585567
1.366806418668744
1.3669026690569657
1.366934003187454
1.3669593432172054
1.367176105813063
1.3672162812678665
1.3676951890651634
1.3678183346727142
1.3678699019519804
1.367974886122285
1.3682069592712611
1.368233347481496
1.3683282537340213
1.3683499345088979
1.3684112911273592
1.3684467786732135
1.3687766088517057
1.368932941969237
1.3691253300218817
1.3692102392756231
1.3692857053862542
1.369316131073571
1.3693365779610835
1.3693833774539912
1.3694737933604786
1.369508060071247
1.3695111132923055
1.3695909743792827
1.369746644799119
1.3697670676582374
1.3697723195650378
1.3698485656703396
1.3698512958195874
1.3701124338043131
1.3703473557114336
1.3705198774850695
1.3705203649313882
1.3705674301578932
1.3706481131111417
1.3707589277218573
1.3707744437976468
1.371100348354408
1.3712094784116553
1.3713161570734314
1.3713500063476003
1.3713536006299925
1.3713566387318676
1.3714378619101069
1.3714424668779008
1.3714670725514357
1.371758306141841
1.371881635018049
1.37188386872197
1.3721862355300585
1.3721950783222763
1.3726088724907102
1.3726246838705938
1.3727006525565009
1.3728248812083943
1.3729386027721733
1.3730246726546322
1.3731600511679083
1.37317754925285
1.3733283469731818
1.3733580088387878
1.3734061269142972
1.3734703924007254
1.3735216899570333
1.373555827571389
1.3736734533706503
1.373908922897681
1.373918892054616
1.3739432995500793
1.3739791886127737
1.3740133573279567
1.3741866575451656
1.3743772081014265
1.3743822174834561
1.374480600806219
1.3744813882593827
1.3744900614486597
1.3746246790375352
1.374690696374392
1.374814009230673
1.3748816150971495
1.3749832071434682
1.3753140878888601
1.3753405738601776
1.375386257076098
1.3754022810092073
1.3754719949939391
1.3756091019662566
1.375695822912369
1.3757228061184623
1.3759436666385811
1.376070749547484
1.3760978471318557
1.3761429304549309
1.376284263616425
1.3763525904033815
1.3763681327196498
1.376376651042099
1.3765633126928505
1.3765701763317104
1.376730688590998
1.376798361870032
1.3768646603433459
1.376895725044532
1.3769085031190829
1.377020406762786
1.377103856393883
1.3772112116206625
1.3772813526791792
1.3773769832378584
1.377556667569279
1.3776980713105416
1.3777107471391696
1.3777254459773998
1.3777492441130241
1.3777547789574809
1.3778123726014169
1.3779148424474383
1.3779683634070459
1.3780324631538678
1.3782976801174216
1.3783526880013584
1.3785212491132863
1.3785768731156118
1.3786910292521724
1.378852100477804
1.378852558029365
1.378904511463922
1.3789649673182047
1.37908660747325
1.379173147688934
1.379292679136223
1.3796164018565664
1.3796619950271551
1.379749829068169
1.3800548320567574
1.3801361930484497
1.3801567154639722
1.3801996878048597
1.3802062645296211
1.380354127692642
1.380545661513471
1.380612951066794
1.3807623340932833
1.3807697291773295
1.3809079303458291
1.3810807553858406
1.3810812062814768
1.3812945633975866
1.3813542388463378
1.381447476758009
1.3814732088539763
1.3815542068388766
1.3816493926517894
1.3816712977124421
1.3816815279078638
1.3820456916903214
1.382081455463256
1.3821041858089624
1.3821089395791701
1.3822721845870802
1.3823025562478894
1.3823681229680638
1.3825156377790868
1.3825849033908988
1.3827080817765864
1.3828456115869354
1.3828485931482648
1.3828735536294912
1.382903783990844
1.382927846981493
1.3830203600022768
1.3830351446185432
1.383039680978115
1.383046251039738
1.3831232338685713
1.3832120956860225
1.3832548065741923
1.3835242298966508
1.3836526319540599
1.3838619888315373
1.3838894382312008
1.3839801940295444
1.384122529538071
1.3841343834055118
1.384422833583304
1.3845395934351798
1.3845762441669924
1.3847028550153317
1.3848733306184267
1.3849055943230193
1.3850364355822162
1.385075647125492
1.3852354317141802
1.3852482076144137
1.3853092439316377
1.3854320971509873
1.3854898548894221
1.3856940174914292
1.385812518235278
1.3859486671885775
1.3863706546642174
1.3864111752254542
1.3865237999096676
1.386562043980276
1.3865744665401047
1.3866638485710021
1.386809210216053
1.3868225639524603
1.3868672663355488
1.386962377304937
1.3870146478075298
1.387039268942287
1.3871516744676355
1.3875151220138573
1.387754380538378
1.3878516468289825
1.387922602900092
1.3879380543315019
1.3880659408343592
1.388083691308926
1.3881076467838147
1.388139426292215
1.388644302350326
1.3887905405115937
1.3889165126912355
1.3889937465888447
1.389144037616356
1.3891687282478336
1.3891699000542668
1.389182416781899
1.3893055724431245
1.3893702873426077
1.389503321603372
1.3895145885005318
1.3895698569729396
1.3896284803319692
1.3896362992047475
1.3896494991022341
1.3896669625820317
1.3897436624533392
1.3898031660649042
1.389893078989178
1.3899131532314555
1.3899706960299865
1.390217450452911
1.3905229693017291
1.3906501231629906
1.3906861283216212
1.390804199097698
1.390941431223556
1.3910285504575977
1.3911574857487912
1.3912478506340324
1.3914153259900857
1.3917504747734795
1.3918556924792613
1.3918620717112677
1.3920128506920948
1.3922995486069751
1.392410279306739
1.3925692551424549
1.3926403063175703
1.3931964713079277
1.3933664844032594
1.393456922222432
1.3935828049341068
1.39374084394145
1.3939816814392234
1.394003827437468
1.3940608484165435
1.3941940272267264
1.3942713738199453
1.394883415100516
1.394936514530932
1.3949505361543868
1.3952841576555546
1.3955977977758562
1.3956718897552036
1.395795766299519
1.3962043039378884
1.3966077794011607
1.3968479459623517
1.3970457159089729
1.3974417015232061
1.3977260224875765
1.3978029612193767
1.3983651692190602
1.3987395602311365
1.3989375505319201
1.3996950824936905
1.399709121386
1.4001501294866243
1.4010178708371952
1.4010882173166748
1.401413186202726
1.4014805328271454
1.4014938670873505
1.4019019853708876
1.401966938663626
1.4024197963533043
1.4026271816986842
1.4027073138260362
1.4032209528595863
1.4035533105269276
1.403579606172781
1.4038283168063708
1.4038322805144952
1.4038439431520844
1.4047570833701801
1.4052558182332087
1.4053662721774636
1.4055220579870753
1.4056575909430349
1.4059609841860445
1.4062837461843556
1.4066350156569112
1.4073418341714787
1.4073671393875524
1.4077726710693068
1.4083889777175982
1.411168052132335
1.4164558823825515
1.4171043172036273
1.4217215052116816
1.4255513894713252
1.4262294815257721
1.4280956134848877
1.4285721313484467
1.4300902222704805
1.4302542052728033
1.4313854382105453
1.4319540753113804
1.4326612337827687
1.4329309698479926
1.4351936733151849
1.4359092198123093
1.4363802899924982
1.43781963066638
1.4379365046390131
1.4423512251405661
1.4426748029718617
1.443954026417979
1.4444166012565887
1.4449649224462453
1.4464813175545794
1.4477881473382062
1.4482200465342832
1.4489796644053392
1.4502869734574146
1.450590016039346
1.450715303701312
1.4507219869886967
1.4510948421062417
1.4531361856224734
1.453179000896506
1.4541900623080757
1.454440992003628
1.4545502493862699
1.4550778766211587
1.4550906674814608
1.4558304431532043
1.4562851299745978
1.458198450030099
1.4593114253221926
1.460603820308784
1.4617376004455658
1.4620814910609463
1.4632276998877618
1.4674267474282514
1.4678695359121385
1.476659514003379
1.478994748533915
1.483093975343246
1.48572846513963
1.495173097693258
1.499353258941162
1.4994946622640422
1.4999095150015387
1.501090320642562
1.5016905663753435
1.5031842514090616
1.504970918378127
1.5059239426076705
1.506180397305731
1.5066309988471647
1.507172421994256
1.5084104702243355
1.508753177689267
1.5117576185901966
1.5143904956968353
1.5146468722119655
1.5160375828722756
1.5193914832205848
1.5209905969366717
1.5218369029027798
1.5268116300359746
1.5458866802637965
1.5582404697723442
1.713459013754529
1.714454245255476
1.7146692848864025
1.7153204372960622
1.719276103404607
1.719426903349245
1.7214922890645628
1.721646728874285
1.7221920398169228
1.7224547664625651
1.7227567254534109
1.7228520841146082
1.7229086759284555
1.723484100148558
1.7235932708949975
1.725544110364287
1.7255871468051227
1.7258570814750176
1.72631371487479
1.7286977311489893
1.7296105665483923
1.729864141749898
1.7302413669339771
1.7306115283186752
1.7312045855074878
1.7317202718394775
1.7320844832327693
1.732393382985963
1.732638717094324
1.7354127282358158
1.7354785976442226
1.7362553129567062
1.7371454449546235
1.7379571106038427
1.7380973057603843
1.7385723340054913
1.7420295290232337
1.744262348060593
1.8277000800376368
1.8314953602183932
1.8317149513533868
1.8360564728077753
1.8373295532750478
1.8375637859285994
1.8388267102947757
1.840098629814331
1.8402659872356206
1.8406217795718531
1.8408422014330865
1.8422675751679676
1.8422808645891067
1.8432616447497459
1.8436901972179711
1.8437083705089734
1.844281035163229
1.8447460849726505
1.8454508590899938
1.8471521109347921
1.8472214495493544
1.8476990627042005
1.84771842008407
1.8487666962741434
1.8492146499127249
1.8495340362364117
1.8502295465938767
1.851760706091383
1.8520035041438092
1.8532175708184766
1.8532913187653255
1.8534203068416468
1.8535418814582696
1.8546536958937079
1.856210474143634
1.8562470960594444
1.8568064229415273
1.8568549940237222
1.8572604478381194
1.8581150364234662
1.8599095935938392
1.8608667428047485
1.8609668134147022
1.8626617266402028
1.864846648022937
1.8680488981540868
1.8728530960532517
1.8758175044263394
1.881435346514263
1.8863673419333575
1.8974959986423596
1.8976146094101347
1.9072133184400275
1.9191564735163726
1.9235406388057812
1.9242076161016317
1.9252455394301893
1.938358127136792
1.948655097684076
1.9538207510311572
1.9624947800980364
1.9660431789152872
1.9700061983067025
1.9923252490039904
1.9961214833177416
2.0111049136894703
2.0134855008006056
2.0140010574743714
2.021984683611202
2.0220987179653833
2.0277328140858777
2.0280484582156175
2.0284462246159456
2.036377327400154
2.0363786687529335
2.0375232721636984
2.0399756265548556
2.0445447828280976
2.045913952464171
2.04725978145674
2.049895232460302
2.0507915735878797
2.0519027726255263
2.05234042250126
2.06231551628349
2.073038305674812
2.0731604572690516
2.0849614049248517
2.086863869712473
2.093314698737997
2.0966511168185016
2.1065078202850818
2.1201813708955264
2.1944612564322523
2.1950840171769492
2.195774547644326
2.195945273770596
2.196289387765174
2.1976822183194082
2.1990389694544037
2.2002312667715835
2.2011008823293223
2.214353494116061
2.2145607864368517
2.2150964948078626
2.215783787937835
2.216230004817384
2.2165790419074782
2.2172603342613275
2.2192802852763314
2.219780431238338
2.220410311350971
2.221146716368259
2.2212078762609915
2.2279063993810806
2.22868416685917
2.229356059175114
2.2297219544115685
2.2300787096796766
2.2304723031257403
2.2331568114062565
2.2338243223976315
2.235817033716818
2.2377491596104795
2.2397282533806995
2.242577504915363
2.2538025430167035
2.2557108002715602
2.2584380532226405
2.3146268522641877
2.316482532836627
2.329615950787662
2.3323169240319968
2.3329359328594066
2.3616975008554406
2.3642992451298372
2.3806207620548885
2.3894359059760792
2.394706801607572
2.397913850173981
2.398638689765713
2.398795958555797
2.4001214888734475
2.436331261393303
2.4380457645939533
2.4429110200373914
2.4434351576599815
2.449971786369437
2.4920549277704236
2.539040383679164
3.536194852980981
3.537372221093725
3.5397143433490865
3.5399657188380633
3.541832370581901
3.5432864865399334
3.544879997323787
3.545243419594562
3.5452500553724495
3.54579181115059
3.546283848488557
3.550077674595176
3.5507275045345974
3.553229516687483
3.5550094060825868
3.555734527423252
3.55720166360316
3.559926786036066
3.560197422647682
3.5602651887175023
3.560284069492162
3.560593106171825
3.560891100711728
3.561724899904129
3.5617786757221372
3.5622238356223512
3.5623212431854094
3.562640478297587
3.5629165522488497
3.56370041910518
3.565599277667928
3.5656875521338747
3.565820841988306
3.5659863208434825
3.566665206379729
3.566789272453081
3.5669488614158475
3.5670903807507774
3.5672025311998863
3.5673311814128517
3.5676811463815143
3.567711490731358
3.5682341211789375
3.569661810826339
3.569931823739336
3.5708434142778254
3.5716370775644446
3.5716776416028315
3.5722923604762142
3.5723084215567966
3.572615842458165
3.5732049871671765
3.5733349687201956
3.5737041612865763
3.573705158788748
3.5747378735416584
3.5749536028300613
3.575135739103039
3.575187916668766
3.5752174802769305
3.5753294682627748
3.5754801512313916
3.5756106316333622
3.5758393796368337
3.575850303940737
3.5759279268269712
3.5760039880019554
3.5760968868487093
3.576412054458502
3.5769560156017812
3.5770565332129833
3.577330703430283
3.5775581895669957
3.5777358893975286
3.5779745275991957
3.5780135598356004
3.578042699371249
3.578113442366842
3.578486640915152
3.579090603512843
3.5790922346131837
3.5791075525579066
3.5791821558938675
3.5796987519526686
3.5798729454303264
3.579938286770363
3.5801532274738554
3.5801649021005266
3.5802273572683023
3.580558577605193
3.5806502214384164
3.580957631447194
3.580960244338867
3.580982359773606
3.580991044895264
3.581023943436582
3.5811460414458773
3.581332327617768
3.5813390432529224
3.581393352373071
3.5817108530902244
3.581743682889156
3.5818700396639347
3.581913832634611
3.581988072099559
3.5820153466355893
3.582027444879921
3.5822879400808807
3.582378474195139
3.5824239868623184
3.5826386949817097
3.582703108911934
3.582713642837491
3.5828845572852677
3.5828881574153244
3.58298041119115
3.582997020370375
3.583003059655768
3.5830276659300764
3.5830745993548367
3.583142479387623
3.583225712968744
3.583227802092018
3.58326899644303
3.5833847457659647
3.583621429429908
3.5837019949782807
3.583901358192175
3.5839134760266815
3.5840965800398346
3.5841015907236065
3.5843898302178596
3.5844907553917777
3.584527083167807
3.584831898139946
3.585035883108728
3.5850372304824294
3.5850423972751737
3.5850692471415186
3.585097528465936
3.5853237783075933
3.5854339343590595
3.5855129854281635
3.585523353384975
3.5855476234401458
3.585547784506832
3.585774265044884
3.585781934987528
3.5857845124913936
3.5860564951768192
3.5863347210743095
3.5864697608016067
3.586503140616721
3.586833500804845
3.586839224774391
3.5868714385684513
3.586915910400971
3.5870068008135747
3.5870821909460338
3.587190078089077
3.587190984166783
3.5872327401490143
3.587267278494934
3.587359212925182
3.58779646363112
3.5878256959507273
3.587911958181043
3.5881214326173603
3.58813619281727
3.5881488790829343
3.5883400058865647
3.588347497305688
3.588507383403312
3.588518041581386
3.588643674066128
3.588667973352491
3.5887415038383814
3.5887595734529536
3.5888583915760197
3.5889739663814595
3.5890367352330403
3.5890951873605825
3.589267265462568
3.589453211077182
3.5895050041948244
3.589589048264673
3.589644511350661
3.5899136225571784
3.5899201295329233
3.5899407248739825
3.5899724423496653
3.5899851452569513
3.5901828440983765
3.5904940832947956
3.590785329010334
3.5908642751000626
3.590951558857998
3.5914522395848754
3.5921308269464123
3.5923827051752277
3.592470264740748
3.5927046477377926
3.5928136718825017
3.592972992185894
3.5931836565945003
3.5934263849825525
3.59345022479426
3.5935513146241367
3.5936605766332645
3.5942470595745837
3.5943822358781747
3.594568656794525
3.5947195427883734
3.5947429317631876
3.594778537902382
3.594831966832665
3.594910438823274
3.5949821500687795
3.5949943961097928
3.595532423434535
3.595559586655112
3.5957394833113505
3.595780560081081
3.5959720544178313
3.595997590364805
3.5961898859796633
3.596315682466901
3.59632632897033
3.5963892170056937
3.5965255990390848
3.59685149851891
3.5970271014165043
3.597269262190013
3.5973511165982655
3.5973706717190135
3.5974843644532912
3.5975975721072264
3.597600795586592
3.597680353773819
3.5977128945826453
3.5978366317468016
3.5978375614641105
3.5978655400851483
3.5979465989791604
3.598076859903355
3.5980839548209005
3.5982125280973127
3.5983257161607285
3.5985333393087924
3.598640716925874
3.5986697837256774
3.5986714851595845
3.598844784583981
3.598983686951732
3.599010942796268
3.599062269259931
3.5992455659335443
3.5992797759172572
3.5993986714247774
3.5994160418770242
3.5995156038834737
3.5996315962696452
3.599696761099831
3.599715893199394
3.5997168718592683
3.5997874703719637
3.600188770521907
3.6002751636654216
3.6003627554195763
3.600443720168283
3.6004913007754302
3.600529674149002
3.600782793569634
3.6008358021833273
3.6008386737688576
3.6009535051063213
3.600987641087829
3.6010482186020636
3.601070229988163
3.6011206008030894
3.601310606677167
3.6013744076380902
3.6015137848302685
3.6015208983799756
3.6016174258623637
3.601652440045526
3.6017192302113568
3.601737559080859
3.6022591797404626
3.602310768476906
3.6023440262496162
3.602395860615869
3.6025138007458835
3.6027490855288162
3.6028706167737377
3.6029057348776523
3.602913491450065
3.603202647553934
3.603220401492715
3.603248795128343
3.603322012506529
3.6033394919163535
3.6033560216511695
3.6033883902463537
3.6034487618373205
3.603539155436582
3.6035529649116467
3.6035601273954914
3.6036040317969937
3.603618573104759
3.603652779606537
3.60366995257189
3.6037875896471347
3.6039744524163018
3.604171583303572
3.6042001581793555
3.604255294961968
3.604374957918925
3.604463322028853
3.6044934218941926
3.60455899034308
3.6047795078434772
3.604906818972962
3.604934327130437
3.6049631959712602
3.6049713967218735
3.60497472091386
3.605047120838928
3.605056362821537
3.6051360526360354
3.60525143420785
3.605273682919136
3.6054683579353375
3.6054831671186465
3.6055380235462895
3.605557607431471
3.605756258081339
3.605803757372793
3.605980914882923
3.6060374797209955
3.6060556352634063
3.6060883062948577
3.6061067919142675
3.60617786440876
3.606219394760925
3.606303247988223
3.606377892497045
3.606504032024478
3.60654311610069
3.606616393461312
3.6067127529423972
3.606723390717601
3.6067612065407357
3.606830178671691
3.6069856704102445
3.6070248069377904
3.6070271315356535
3.6071896896282274
3.607248305746949
3.6072513612133896
3.607289189420043
3.607301626361699
3.6073383019746506
3.6073810655035348
3.607602379571343
3.60760336017089
3.6076691475748603
3.6077185854254155
3.6077211093871546
3.607822383431869
3.6080284574505535
3.6080530648370157
3.6080553665092725
3.608059170361133
3.6083213561360457
3.6084911633432477
3.608494058503686
3.608494111150674
3.6085409148675307
3.6085635557138165
3.608567399478593
3.6087219100165173
3.6087333717461996
3.6089257238385866
3.60893201896987
3.6090610863557027
3.609233165115405
3.6092760630106318
3.6093119376679956
3.6093832359540805
3.6094128019638188
3.6094773873818045
3.6095155629610716
3.609645158579828
3.6097426000747324
3.609825746329599
3.6099456202159947
3.6099996288077016
3.6100230419632324
3.610028826670518
3.6100672201682715
3.610176850991842
3.6102493644472378
3.6102529294690306
3.610255977336622
3.610329171027609
3.6103680237519225
3.610377292724978
3.61039090521552
3.6104191062501845
3.6105319039796915
3.610562215483279
3.6106212541930485
3.6107338505247535
3.61075901266104
3.6107688911504687
3.6108468138522762
3.610879677940442
3.6109004627243744
3.6109564558667677
3.6109875678495778
3.6110273814853855
3.611038460608636
3.611072330840486
3.611225018411589
3.611243552723171
3.6112998956894224
3.611412110466913
3.611413770989381
3.6115138206912096
3.6115733776606986
3.611582699430193
3.611590926782162
3.6116948081091262
3.611733957183702
3.6117343758813076
3.6118028709540946
3.6118287481657614
3.61184691925093
3.6119648399229938
3.6120475025344936
3.6121389959963985
3.6122110991062875
3.6122617195528113
3.6123526486306057
3.6123685728282773
3.612429307871573
3.612512933261522
3.6126161194771576
3.6126787279876913
3.6127277916007166
3.612774884197554
3.6127793655222398
3.6129340805640298
3.6129554337595025
3.612991096483101
3.6130217383790986
3.61303518017988
3.6131045202012686
3.613148446725505
3.6132680205049277
3.6132726658561247
3.6133115251843897
3.613370176292034
3.613396208418353
3.6134457348417097
3.6135745084979796
3.613593353688759
3.6136563108242217
3.613670572971743
3.6137012736907224
3.61371905329932
3.613800514322671
3.6138460051013066
3.61423098840657
3.614300280891498
3.614332989528531
3.6144121026016482
3.6144320759001376
3.6144700041293287
3.6147695415478327
3.6147959557769487
3.6148069671246352
3.6149224871073433
3.6149766001060155
3.6151734748019795
3.6153995755268014
3.6154079965807964
3.6156204032464205
3.6159244397858363
3.6160143857984006
3.6160803666987498
3.616470984907802
3.6166753882554583
3.6166979000369524
3.6168385379085852
3.616914296414224
3.616929381517788
3.6169359571188417
3.61695008865761
3.6170115795840125
3.6170618552370715
3.617328726860458
3.617399277454685
3.6175005972231515
3.617513586781897
3.6177162066719584
3.6177780793255856
3.617862388915289
3.6179400765692655
3.6179432284255078
3.6181087809297265
3.6182495428291936
3.6182906035085516
3.618299268517691
3.6183721727528444
3.6184263085016446
3.6184509558449074
3.618562398006851
3.6185811310792046
3.6185904035031644
3.6186259430265366
3.6187387893506506
3.618817314706676
3.618963260463852
3.6189857417532023
3.6190344828167076
3.619145267592448
3.619177884988334
3.6194652567478025
3.6194715186103092
3.619605140463386
3.6196990953745214
3.6197323012970677
3.619823872289401
3.6198548291075143
3.619972903957244
3.6199996975155404
3.6200128303295376
3.6200978493858944
3.6203679299119846
3.6203844155580343
3.620399102481161
3.6205373375224976
3.620622003276867
3.6207962259361106
3.6208834353388766
3.621067715087732
3.6210729188008
3.6211117882569517
3.621220527533295
3.6215344255217534
3.6216438892600302
3.621672805061167
3.6217562497414457
3.6218015580978675
3.621824486438788
3.621847325015935
3.6218657184213314
3.621875842383152
3.62193340865885
3.6219414231246434
3.621947295351528
3.62215910769544
3.6221809046338937
3.6222136115986743
3.622264598735432
3.6223103024682906
3.622435377365364
3.6225331105369523
3.62262909477101
3.6226391035933125
3.6227214999927857
3.622780531153466
3.622844705609303
3.6229329622593838
3.623350440103929
3.6236459211364007
3.6236672650962114
3.6237168718147665
3.62372639979869
3.6237539322873205
3.6239381125744683
3.6240193454516496
3.6241939910814622
3.624347839122475
3.6244174398046614
3.6246277715604416
3.6247679660476333
3.6248469436606
3.624865891045943
3.624935506048636
3.6250262029117573
3.6250371774565044
3.625248809612615
3.6253222987702762
3.6255123059906835
3.625877282618092
3.6259732522047177
3.6262744456208384
3.626328542003935
3.6265808262987886
3.626642121755443
3.626682125997739
3.6268993656202637
3.6269199343216934
3.6269265355678497
3.6269681990027745
3.6270665633522374
3.6271513043117443
3.627246152659781
3.6272995412114746
3.6273459074021983
3.6275354808491875
3.6275416146585124
3.627613217226801
3.627627698148687
3.627654199920557
3.627674061057431
3.62769130451616
3.627813103782673
3.6278184486375697
3.627905993933881
3.627935041606575
3.6280947086330357
3.628102887657613
3.6281545425121062
3.6282359567852254
3.6282392425597143
3.628286961154596
3.6282945290253283
3.628620468670235
3.6286706149472496
3.628736086346192
3.6288081965337007
3.628901367490759
3.628910921799151
3.6289404932277782
3.6293138995388734
3.6293494804725883
3.629363103107035
3.629428064490144
3.6295080391546217
3.6296248125666812
3.6296837859640516
3.6297591492391494
3.6298033973458494
3.6298467619479626
3.6299446164033635
3.629990543451574
3.630024426834771
3.6300861276737155
3.6301378661620123
3.6301435358019267
3.6301478042222484
3.6301877769984543
3.6302430597802124
3.6302673342967093
3.630327556702052
3.6304838164748556
3.6307993566612566
3.6309234946806876
3.6311627825754305
3.6311629686051634
3.6313095939616824
3.6313164911690436
3.631316998593615
3.6314074342412765
3.6316770387574198
3.6317307869200515
3.631818404153243
3.6319978512258313
3.6324106931418485
3.6324824419569337
3.632670687379751
3.6328760783834855
3.633118082866546
3.633123938925593
3.6331840196145504
3.6332616872932317
3.6332761572816774
3.6333883191460705
3.6336540245090503
3.633801769683833
3.633869176355061
3.6342399075416516
3.634409683045814
3.63456939860885
3.6347370067846243
3.635156131826472
3.635175368645906
3.63536509123865
3.6355402029561272
3.635598271837278
3.6358073519988383
3.6358619472368363
3.6359713760260703
3.636021957429718
3.636088962580837
3.6365905389451973
3.636838908927299
3.6369001594707115
3.637301066120036
3.637645572562514
3.637717994897559
3.6377335009637166
3.6377896467156483
3.6377934430706445
3.6378053220496502
3.637856516618672
3.638089969247177
3.6381051988183852
3.638133506451017
3.638303939001587
3.638477001976979
3.638633963592264
3.639002561882976
3.6390076410292185
3.639092845559421
3.6397356791755997
3.639983438116415
3.64022997873105
3.640389331523121
3.6403942324428535
3.6405031777408703
3.640539705879431
3.64059328906147
3.6407261907640267
3.6407971323077555
3.641008269733739
3.6410239547451075
3.6410592708596354
3.641154518097954
3.6413450167819588
3.641387023154136
3.641509195819321
3.642219410480421
3.64223873759717
3.6428440323807485
3.642973909972732
3.6440340826505766
3.644182842251508
3.6453949214195713
3.6462480755965414
3.646823857757547
3.6469007027510294
3.6469185831567454
3.647232419887668
3.647545899448201
3.648087080909839
3.6486175887326917
3.6486647727542802
3.6492313107251526
3.649241844593155
3.649264870637592
3.6498607429139507
3.6499477999227996
3.650204226918095
3.650230917902373
3.6502348624459575
3.650353246737615
3.6504334554100666
3.65061418650174
3.6510700100317495
3.651593300865628
3.6515939604317142
3.652121084066253
3.6522758274043987
3.6524534523863927
3.652660421570226
3.653028261167432
3.6530499164189947
3.653221177996949
3.654569825761216
3.654591491247556
3.655045828815934
3.6550641315630927
3.6564827734094516
3.6564971484759043
3.656804620259509
3.6581372583404943
3.6584622016151704
3.6609840796076054
3.6614881456455755
3.663331231447904
3.6636013677639867
3.668971957094413
3.6710156989365714
3.672217771753198
3.673487135456554
3.7374382993995363
3.745472880022661
3.7469271103253394
3.7474887541346833
3.7527590265616646
3.753537022528641
3.7587322911265195
3.7597546051019473
3.761490577836364
3.764491017159527
3.7651608576203586
3.779728994981556
3.7915837167740274
