0.9814093325572165
1.0156950529575395
1.02280883167766
1.0293667812994516
1.0488342495663308
1.0490276211768441
1.0493610425044557
1.0603345334967786
1.0615269906534701
1.0654087470211002
1.0659566310990092
1.0688272047596836
1.0723434125540272
1.074380780728415
1.0749646717546493
1.0749941750195726
1.0783104467805997
1.0798404854887143
1.0806543505457953
1.0809948373669358
1.08416745261225
1.0851070421568834
1.0876241887019145
1.0905921948222617
1.096489898786754
1.096948175728639
1.09712890402
1.0973096013999266
1.0978646337591786
1.0981253115783403
1.1037188954289976
1.1040966708928601
1.1045303586385868
1.108176364233984
1.1086529273409782
1.1110706530223309
1.1116474355513861
1.1147394814555736
1.1150972971991326
1.115167778491225
1.1158996759284598
1.1220705393080583
1.1239618554463209
1.1264402741377124
1.126589889446166
1.128008444097701
1.1305537269769557
1.13202039634453
1.1350176482096628
1.137135418820731
1.1384420255557552
1.1426820449856083
1.144390781422419
1.1444306910648534
1.1464168511778472
1.1530891751912842
1.1534141749995395
1.1540058165603726
1.1578915962138285
1.1610723440256958
1.1626597383359487
1.1658896977261712
1.1661121801118368
1.1753992382686325
1.176584175208725
1.177543818599448
1.1791817700974452
1.1813634496147272
1.1842063907513345
1.1884585152055727
1.1918292404128388
1.1969796722594557
1.2480810225434622
1.2613029470363477
1.2839612852895643
1.2892168620607003
1.294555323058577
1.3201699192834748
1.3206601808591303
1.3241863096390285
1.3427758188904846
1.3457299339592865
1.3623139431121043
1.3821346943483712
1.399996613598163
1.4207347025628876
