0.45288078019833217
0.4540268347786753
0.454147229422304
0.45706901964674185
0.46205768435736083
0.4621454241953322
0.46542247742676235
0.4693577938469758
0.47450259390876
0.4779033002427435
0.47862057176670586
0.47993078949319357
0.48047999931698493
0.4826225955451408
0.48355030308963687
0.4838367089811143
0.48398992959537535
0.4839964399597558
0.4864673511607997
0.48710131904361836
0.48731981409863345
0.4880466516037834
0.4898293104301229
0.4909051839291864
0.4909087364958891
0.4926946069873985
0.49298828700887265
0.49300314937795436
0.4951562246612039
0.4979836365134976
0.5008053654817285
0.5011836389900977
0.5016864305545109
0.5016933703024418
0.5022654940430193
0.5063323250181602
0.5066779253302716
0.5067936713075124
0.5071271057750041
0.507848692809701
0.5084727793708181
0.5108930153288459
0.5114557256352034
0.5115285814254635
0.5135028381177861
0.5138232841309018
0.5138501692039034
0.5238501191928769
0.524004717110311
0.524064503638682
0.5242317462193106
0.524452205271702
0.5244786737820073
0.5271431176880446
0.5285861351361034
0.5315475500488114
0.5322276231903486
0.5323051022529457
0.5323303611173653
0.5377951498846387
0.5387439127243145
0.5402772945355694
0.540973975214552
0.5421204069156838
0.5435307446426612
0.5442701252785626
0.5445324361749462
0.5453536915028458
0.5467538883218525
0.547877101526027
0.5485912529079718
0.5487473264628465
0.5498187511748979
0.5503484245266197
0.5524146668201229
0.5562871154899671
0.5600677662760161
0.5632099556597006
0.5654186942378755
0.5654648806258423
0.5692771589331332
0.5775253375484253
0.5778161694272366
0.5783455831041348
0.5789092608261764
0.5807332336303064
0.5842632477708224
0.5897918913829244
0.5908480841682429
0.5918402367667409
0.5951508857569752
0.597312024944221
0.6010313887198099
0.6021251874838974
0.6050679456079715
0.6155514882786702
0.6203324442220662
0.6226829734107847
0.6231264849595728
0.6294819816625167
0.6325454178456297
0.6422914060256658
0.661962366659888
0.6658037849672139
0.6697691525419465
0.672502017685982
0.6805404858651967
0.6957286658467586
0.6967941104164982
0.7053275382517917
0.7094999820155657
0.727803699253262
0.731057695493615
0.7391506975242819
0.7411053974151101
0.7417317314965904
0.743586736967956
0.7451229752150277
0.7484097402232935
0.7506116832529369
0.7549523412718347
0.756151945315969
0.7639822834233857
0.7642738299035444
0.7655179902491817
0.7677450368042583
0.7695237064589636
0.7700591418429166
0.7704730922287341
0.7705326981617501
0.7716212012157501
0.7786808050907138
0.7787886055983869
0.778870220883455
0.7792161231247883
0.7800932874897523
0.780644393541043
0.7807471191596274
0.781209283073831
0.7814354603434556
0.7832388359947218
0.7834844961873676
0.7842933070213085
0.7848872056709706
0.7849589654772691
0.7850764172323831
0.7857675692944227
0.7866238019236428
0.7874234234531279
0.788262995628172
0.7891645477899204
0.7905588806645383
0.7920959462034948
0.7936614596824779
0.7953218427280171
0.7959793888754803
0.7963480973802964
0.7986569204768387
0.798967143125326
0.7991900164950848
0.8009202386637593
0.8013807386220516
0.8014386310522436
0.801537101346307
0.8015698043999655
0.8033274818351814
0.8037112990725382
0.8041103345839951
0.8042987111965632
0.8052647304569589
0.8061096589545924
0.8062242410700778
0.8066341926379987
0.8069852407937196
0.8087359427689661
0.8108441484682951
0.810909543743873
0.8118345506583744
0.8118478480422512
0.8127489373761373
0.8130627139101259
0.8132571967909321
0.8136954274716176
0.8167551645120383
0.8168564895469845
0.8181606382254307
0.8182343825670491
0.8190086412141185
0.8194105683408909
0.8195876901326086
0.8221274600262456
0.822755441251448
0.8234013486585282
0.8237523270714977
0.8239921561911404
0.824479645771778
0.824587752872617
0.8253934327506074
0.8263004360348545
0.8268132990084576
0.8272611536967167
0.8279236434440856
0.8286715456667536
0.8289977238385154
0.8291869644892137
0.8311356206348853
0.8317512518782619
0.8331052598506098
0.8331141596018701
0.8335347798469877
0.8338805860661185
0.8349745367121415
0.8351546723634138
0.8353351476071366
0.8356420747581431
0.8365009009030103
0.8371859716532192
0.8378943255581248
0.8381090643968324
0.8389950967615325
0.8390616670073727
0.8395401172529696
0.8396091323963861
0.8398857990407146
0.8405033280028776
0.8406396375715747
0.8431671980569562
0.8435291280133244
0.8445023247246545
0.844704911194303
0.8455952670349017
0.8456485736382466
0.8462858876125616
0.8478093911218841
0.8479356039883249
0.8485202149817588
0.8486249823177082
0.8489301711642754
0.8495127115391461
0.8504387174283317
0.8513015853574494
0.8529222482811167
0.8531562978473879
0.8535465859854957
0.8546035430210336
0.8546643270895621
0.8567469780429693
0.8568343536451246
0.8577126354774105
0.8583955601665465
0.8591386374513404
0.85964509265007
0.8599418445870924
0.8607216848057209
0.8613729426986344
0.8622067935001243
0.8640945688494776
0.8646642575807413
0.865695105488037
0.8666346616679176
0.8687648666523061
0.8687891185462407
0.8690963752916939
0.870285096513567
0.871325126489911
0.8743343302011439
0.8750316391125901
0.8770578928086564
0.878389964812279
0.8812759705402559
0.8819689939416913
0.8827493485537709
0.884508979807815
0.8889382667465328
0.889542833035554
0.8902289019558814
0.8940051793187236
0.8959133447853718
0.8983678702802309
0.901212783297412
0.9015544483332425
0.9021780862751537
0.9025254532684281
0.9033170319176449
0.9048126571933465
0.9060795898827855
0.9072044777701036
0.907498978691157
0.9077643069080861
0.9080145290885923
0.9162894569312818
0.916613846205265
0.9167985220238188
0.9172018620420488
0.9202630902939332
0.9245554457006993
0.9252475516248034
0.9262733594996407
0.9276782975086295
0.9284142777996185
0.9287599954413609
0.9314038020657655
0.9326978983687788
0.9331474641766287
0.936796546266914
0.9388632233115973
0.9408540133620034
0.9431060494041502
0.9459866558412949
0.9489296757159036
0.9513535244336571
0.9525174311779564
0.9639625575255999
0.9670916369213287
0.9698812393138994
0.9704494486598311
0.9741860790719781
0.9755565414583259
0.98768063298558
0.993710444294058
0.9987175145965825
1.0118278722096452
1.0220877234570922
1.0231057471002307
1.0243491568312282
1.024856769289103
1.03828460605452
1.054788414650659
1.0989318243286152
1.1366622460959463
1.1626487405876635
3.815784015033985
4.159841430210058
4.225807322513788
4.227493561037063
4.350059264259432
4.352832203691996
5.2382481007694315
5.264901917268595
5.292556709521032
5.360260703357453
5.53852054786139
5.595058829079
5.606793780279836
5.607145137135168
5.619813780686709
5.62959499916189
5.633414011018277
5.641104374537317
5.651440775425706
5.652998141296686
5.672834972694172
5.694557862937063
5.708614498089237
5.727936776720271
5.7314750827720005
5.732111601250545
5.7408189327635695
5.747598914605272
5.755601506927936
5.79783380920813
5.828035538999048
5.8333253853304665
5.8448803679879635
5.996094302689168
5.999398329690608
6.004794014015687
6.008600154774054
6.044938153702239
6.049427399033123
6.165811193125447
6.237042948497138
6.246960735850424
6.248252925070852
6.258124955595809
6.320872184673969
6.327471948508214
6.340451029682912
6.347077830174066
6.356288689449931
6.356345395745067
6.368818606396747
6.376301914460459
6.388421745763104
6.395926454551017
6.396124081932633
6.396506701967554
6.398530616079324
6.41515952607585
6.416783695334661
6.419545644364803
6.423006609504325
6.4244091976290125
6.42612934602369
6.429923096056252
6.432225607979268
6.432663542324271
6.434179469429307
6.43574166850957
6.43623196279668
6.438577328128411
6.4387242564034395
6.439355246541591
6.442032431653514
6.442094617187763
6.443916343983988
6.446366361638103
6.446877784431097
6.451323371020524
6.46000473305146
6.460091089776701
6.460119034450328
6.460157875961435
6.46115002236197
6.461680813204146
6.463013066555448
6.46493584884262
6.465157607186078
6.46623153191157
6.466774699556321
6.467819400797759
6.4683237429534195
6.469230403101142
6.470624442235717
6.470821310061209
6.4709869224253165
6.47547577859578
6.475609848891169
6.475779509657395
6.478643253214453
6.481316688785623
6.481672596574831
6.4820214040821895
6.482763636512888
6.484476956128021
6.485921944930124
6.48680814398535
6.487033012853518
6.487356674661997
6.487848036741967
6.4897178484771665
6.490099155440595
6.492687798784285
6.494932609757431
6.49579113739611
6.495817297302787
6.496069328407651
6.496117150510994
6.496195933572418
6.496424865167114
6.497007014180535
6.500463937508271
6.502049052778139
6.502433839586828
6.504797642061923
6.504945369436147
6.505340818748804
6.506364063352519
6.506634964363937
6.507734851734518
6.507876384710271
6.508989501393458
6.512406703791483
6.512716040156214
6.51613675561469
6.518241791147786
6.519728979170434
6.5200648905658385
6.52100226932113
6.521217222105154
6.5221763328164535
6.523394231768846
6.5236865353120805
6.523966946883708
6.525289431918496
6.52667905367328
6.5280533768490585
6.529706408827399
6.529879724310943
6.531354726245719
6.531864030504136
6.532133137277736
6.532173720060422
6.533873185027087
6.534697073693877
6.535258795168423
6.536272184471331
6.537401635539757
6.537782162899385
6.5379818031116566
6.538176728454783
6.538591687119733
6.540594418096196
6.541862749928495
6.544519953855007
6.544733024358243
6.545187183027334
6.545858023952521
6.545872646295453
6.54723555152182
6.5497538673993185
6.550079730885674
6.550563783903994
6.550681734798333
6.552109530580309
6.552432802941183
6.555905995475893
6.556422601146027
6.559329144022232
6.562172717188039
6.5678360211374205
6.570559457820817
6.5713784336946155
6.571765434227525
6.572834459234717
6.57321962204187
6.573492119786184
6.573572351641134
6.575279153081454
6.576691388773233
6.577867445872217
6.5779377057094734
6.581639218240797
6.581994943800244
6.587442993260855
6.588486663553332
6.589933116186486
6.593293214359748
6.59368410355657
6.593718267730773
6.597411190500445
6.602383044914507
6.603115623439199
6.611787295706355
6.632485620032487
6.633804036871624
