5.318187218560454
5.318348057224749
5.32653903211609
5.35881318833457
5.433103483434999
5.433515016241307
5.4636535476895105
5.477806537874904
5.510687023846057
5.523238562328842
5.52702290056095
6.566045867458767
6.57342292291704
6.596709149264695
6.601388263465233
6.6049039479204845
6.608998773106471
6.626969776394106
6.63508990463315
6.636653961674995
6.643829005300927
6.652402085859592
6.664069511271931
6.6749777420092045
6.687459141733979
6.698112107727251
6.719155457529434
8.089628505461908
8.092365299191364
8.120687974670224
8.138645898222439
8.147838186522398
8.16019991247287
8.160360382949058
8.162793038903546
8.177134935429782
8.206851047971712
8.208335985483123
