1.4911737259413627
2.5554186339682485
2.752203603226981
3.0008922188213374
3.0042924427284796
3.02678092165521
3.0329380375933757
3.033632724795352
3.0357157594926094
3.0377505178093
3.0397954868416184
3.043426250653076
3.0445370556866487
3.0466417282655254
3.052212005054283
3.0557854057654854
3.055797091269261
3.0639970114984076
3.0676704011108544
3.0765633037329656
3.0899644726801236
3.0968293791474615
3.0988099467722314
3.0989691416150182
3.0997208165153225
3.099855609096683
3.099912120875694
3.100158884783407
3.1038842652347483
3.1112695166763373
3.123874641583807
3.147879311032693
3.169036768221702
3.183868001016046
3.2031326750548534
3.255971084527945
3.256546685489177
3.2808469932237987
3.3045768139230667
3.949264325587732
4.293403395467706
4.349818365030992
4.3513551951856355
4.386479434676146
4.399671586272295
4.40122307224997
4.4195084405833756
4.427452372302855
4.430069212757706
4.452349390961778
4.455576408819809
4.46161167015319
4.4732607343031034
4.483639880328542
4.497989385564357
4.524891149602606
4.52990946012275
4.564455094513389
4.573721218102545
4.577936215895601
4.592948898020961
4.610229499911206
4.633550846128592
5.403019000475004
5.8011968896048485
5.815141601216583
5.830198909256339
5.834996014633903
5.8426826744062375
5.8489929813832475
5.868347349579837
5.878993530528198
5.882910484308177
5.89572090437232
5.947522261655435
6.186539727333376
