0.4957026696526258
0.9996621342264644
1.0001071410917899
1.0024880017702387
1.0026776600698972
1.004906360879926
1.0052882923272242
1.0058889410744496
1.0066819981481796
1.0077719756593202
1.0086287070663056
1.0158605544567312
1.0169199058479874
1.0172770951816499
1.0203442507787008
1.0210133942549202
1.0228223222417965
1.0242184939708676
1.0258809032031304
1.0264493428931143
1.027950615377284
1.0292414843029478
1.042553902959199
1.0426856203594714
1.043993377945434
1.049504823691701
1.0531062911807765
1.1729023616008223
1.1758603861986567
1.5793541567278373
1.5833488844950108
1.5876220456980061
1.589365382557645
1.591658556076237
1.593976563630722
1.7044724199777785
1.7147409107118292
1.7156757865105507
1.7173149548024205
1.7643890850203612
1.7694537579533771
