1.1713630773774946
1.1756065614449744
1.1833000889538225
1.1891104036071563
1.2103513247557591
1.2315233840430586
1.4783518474098276
1.493102508429854
1.4942242025969708
1.5018396740190605
1.5039528188594133
1.5101241120534268
1.510758572375853
1.5234314966127465
1.5293952592969755
1.5341384357110102
1.534983386178571
1.5370271849882176
1.5376597499727
1.5380679593363713
1.5394354664047132
1.5396684859478746
1.546644568113767
1.5469011426951065
1.5485608935783293
1.549210188769711
1.551157076211824
1.5543934757326991
1.5544656883838404
1.5586250357422782
1.5591103235370252
1.5626042692880346
1.563017695912242
1.5641484908109098
1.5675599735944992
1.5703271751410834
1.5743523617233937
1.5748009269751844
1.5814341328554133
1.5876751464204206
1.590488387592751
1.590699577480296
1.5931126679143384
1.6035650632441336
1.6143170674656224
1.6168680962594084
1.620040202453491
1.6285945254178358
1.6287358466210482
1.62956637754892
1.632801047523795
1.6453971238373146
1.6459551851431593
1.6486502079181724
1.6492604775062871
1.6519846789902033
1.6774307380873412
1.6845471771636216
1.7152234284780163
1.7205226535006213
1.7219998212008214
1.726013922871428
1.728275686967547
1.7361202571669851
1.7376571021826468
1.739778391182036
1.741690302496293
1.7463331133045925
1.7532489802998477
1.7552716456192354
1.7552716456192354
1.7616108883469057
1.7634657708239754
1.7711608495084983
1.7732696126992264
1.7791536442705167
1.7810997000021958
1.7853340509498832
1.7859341026442657
1.7862559134954914
1.7865747365889066
1.7974433095645985
1.798518611547071
1.8006526284182396
1.8052112913699594
1.8052774680886199
1.8110529471072312
1.8129229779721185
1.8189932514023042
1.8259864986833154
1.8281122277237156
1.8287889403963993
1.832839905758377
1.8489801244634079
1.8575551365797531
1.8618887850199184
1.8870731590629342
1.8915820951089597
1.8991687847240024
1.9030362193622157
1.9116831722989518
1.9365901434119208
1.9706951480028199
1.9742453236530624
2.017393798383495
2.0286624893340703
2.0351026756202213
2.0935770071820623
2.3158428174280394
2.3268933571397743
2.392517716875388
2.398283046830708
2.4087886915416314
2.4165167172524216
2.4540011037921072
2.470821085436988
2.4820553035038184
2.5666197082848927
2.5742583585059617
2.5777427796798595
2.5817986050984403
2.582122329549459
2.582122329549459
2.5931830676088357
2.5942222922602087
2.594456234179685
2.6002958560949643
2.605576793109844
2.610248467373689
2.6102618812872462
2.613277923779497
2.6134767255598055
2.6175482616725056
2.619035748266831
2.6208436640227273
2.622171774381514
2.624198324491656
2.6253090812125603
2.6253382575085675
2.6257584328879493
2.628426275456605
2.6307655214167163
2.6315291593909946
2.631533396760986
2.6348050024929304
2.6370889838377862
2.637136714494331
2.639081178121336
2.6398788029408413
2.6399113197833355
2.6414348997095827
2.6423230267185076
2.6451997267868963
2.648548543899166
2.6510020162419443
2.656922130572744
2.6578215835541252
2.660633772072188
2.6622048779000766
2.6631475157408224
2.663452796410379
2.6635908901165846
2.6647058853842984
2.6692845064807638
2.6706754972877174
2.672145019349106
2.6721548475411177
2.675553095245524
2.6762091552769425
2.6762091552769425
2.676835677728362
2.6773381808870536
2.680079674636187
2.6810471795232385
2.6811399853922735
2.6814215220613957
2.6826087426340033
2.6841339108009703
2.687014415206495
2.687800809303386
2.6878986354186956
2.6882865753987266
2.6905448143169237
2.6929229820332963
2.6932396892304937
2.6932396892304937
2.6941015476081023
2.6944955556965886
2.6944955556965886
2.6945641033782715
2.694568134331984
2.6950845280519737
2.6952639025627083
2.695743082012102
2.6962523387713313
2.6991913944113106
2.70016690688002
2.7006331726613304
2.7008238707767234
2.7010507856898154
2.7016888505669905
2.7016888505669905
2.70227481809116
2.7031065615946575
2.7032661980965575
2.703527998041859
2.703679178610192
2.7057669851215294
2.7058662516456833
2.7062008485365605
2.7062652366103026
2.7069743921849554
2.7083269965550674
2.7083269965550674
2.7086991491555046
2.709104037062197
2.709445055612366
2.7095243124498145
2.710547731125158
2.711886723500463
2.712792834210797
2.7129957626631476
2.7132623930434656
2.7133803815797894
2.713558039052179
2.7142632350095064
2.714580487035556
2.714580487035556
2.7149806229477553
2.7149806229477553
2.715075874442121
2.715653018087309
2.7159207194086434
2.716215859086277
2.7185316395340258
2.719132568741396
2.7194265933361375
2.7196257706494236
2.7199754182589686
2.7199754182589686
2.7199848426348097
2.720461190832062
2.7209614778843982
2.72241901633167
2.7233237383644178
2.7233237383644178
2.723384789524761
2.723384789524761
2.7239369258075574
2.7240829993355637
2.7247466267447598
2.7248248435264397
2.725836235926082
2.726104207716077
2.726695859485442
2.727178304926717
2.72779873521867
2.727900425183055
2.727995421315889
2.7280548756570986
2.728784818013973
2.729347993554073
2.7302528141920437
2.732126175879564
2.733362856982419
2.734186380711939
2.7342097794958558
2.7342446342945057
2.7356324748688485
2.736028062820548
2.737500808248408
2.737536723508632
2.73959623041088
2.7425741976345814
2.743736531846204
2.7439776380783045
2.750077042640422
2.7529689850775965
2.7529689850775965
2.7534837429030716
2.7570238382593266
2.7574826520074054
2.7635623421393394
2.7637412340646232
2.7637412340646232
2.7639309999071027
2.7662454012451514
2.7669393238694853
2.7676607861331073
2.7685095179535195
2.7727496739984683
2.7754906542801807
2.777006417940941
2.777840930809252
2.7797694160916495
2.7928924179453367
2.793024904897581
2.793024904897581
2.7964002342395666
2.79767161537206
2.8035863321887287
2.8067302393805815
2.892585895462123
2.9166487668191494
3.035966953844504
3.037558533496571
3.0566898926064505
3.0829275994404997
3.0916148024801395
3.0916148024801395
3.0937444090936896
3.0955011369061336
3.098421254456881
3.105109937633776
3.109620406254522
3.11354125220799
3.11354125220799
3.1177933313573574
3.1207913186269858
3.1274666849942747
3.1341961039032373
3.1432216904810018
3.147315685288207
3.147317807056866
3.1513237211541294
3.1648483354725796
3.187143107728037
3.1962859719775776
3.1969068099593216
3.1969068099593216
3.2160905809063105
3.2166155847570717
3.2166155847570717
3.231383824599307
3.2392033775480322
3.2582008682316634
3.2633968905618227
3.2636530667624135
3.264062325842573
3.2643733592436392
3.2680410635197794
3.2748812615486065
3.276501501012906
3.286733508663415
3.2911874471052713
3.292445125705047
3.3027252948813093
3.304774900284216
3.3067911017774065
3.3120097187827096
3.3214214632486914
3.333730367244152
3.3355173220206944
3.3355173220206944
3.339078610203939
3.3507887634992874
3.3768652891523496
3.418244433282536
3.425329364804409
3.4392531744521837
3.4482021722406713
3.459820866721957
3.4744401439991024
3.7133627942316743
3.724819130000784
3.893335826677916
3.8983176761503495
3.9000008883752764
3.905186633709272
3.9068726123519912
3.9071286714035156
3.9091101870145244
3.91230310125348
3.9124202006676336
3.9125805851522593
3.912958870370594
3.914348615336142
3.9145921204964607
3.914737153027846
3.917158082378591
3.9172320978732063
3.917723809300214
3.9185091658590085
3.9185873260517425
3.918596316668912
3.919997538007248
3.920044475706876
3.9200628545432723
3.9211350283770408
3.9228889695708196
3.9229336733250335
3.923413824075029
3.923432560800436
3.924356992859776
3.9243871895264335
3.925478919688588
3.925591768368232
3.925827565187661
3.9274404436706463
3.927758113391464
3.9291687240233384
3.929742367633826
3.93155908400062
3.932344041806537
3.9323681121262197
3.932792079785358
3.935484422706006
3.9355833070340487
3.9359676759006903
3.9367279487939157
3.9367874382428765
3.936795778189962
3.9373498822048516
3.938432640333483
3.938968272814043
3.939320216872871
3.941504142163908
3.9425193701132315
3.943487518143094
3.944087338841086
3.944549824070907
3.944647822809981
3.9447627447691422
3.9465330057289867
3.946779967861035
3.94704987202998
3.9477223335705895
3.9477779095300027
3.9494112842777955
3.9501852234689494
3.9508650106297387
3.9524610528704875
3.95248624472031
3.952829521163005
3.9528490739956217
3.9549624059303286
3.955356658238556
3.955625138697308
3.955827340468061
3.956187305069609
3.9563633354555936
3.9583471215012795
3.9587845235546246
3.9594043878140126
3.961007841353952
3.963591058790598
3.966443141496321
3.966920274640566
3.9700473439365687
3.9726375439358015
3.974445892201809
3.9747068271266843
3.9753754505767636
3.9753859118869226
3.9768093074765636
3.9778436067082708
3.9780446204079314
3.978160731333909
3.9801313161003886
3.980907999769819
3.982682419210962
3.984916461085856
3.99357716127144
4.0148411464866545
4.2991118085642706
4.310040477987271
