0.8689295053891627
0.8690471077648384
0.8701230030133967
0.8712576013946266
0.8730821581913285
0.877330036753884
0.8782079959883115
0.8784329573404114
0.8790839696288041
0.8800006144764408
0.8800127641029675
0.8808582518993434
0.8812587564058971
0.8816250955647635
0.8849240086866733
0.8858770287411603
0.8867668179645943
0.8883320085864164
0.888361935047112
0.8885867195299348
0.889346788720966
0.890065436624434
0.8920763151060495
0.8987161881023689
0.9000630142142344
0.9015793373655906
0.9093614824863088
0.9098703708783739
0.9386729252904171
0.9394731529257542
0.9405394743721208
0.9414351049306594
0.9929452255436275
0.9935014572541618
1.0110994970845923
1.023960632189093
1.0258388015704576
1.0280128433693692
1.0281115047557425
1.033009060235492
1.0360071971814566
1.0377230213751225
1.040091927434238
1.046473073014879
1.0528796671692622
1.054178980518727
1.0558335199251851
1.056054947660781
1.0926500309432814
1.0978093796270163
1.0978378004437501
1.0995496029169578
1.1002019339206566
1.1144152707483685
1.2477623020076283
1.2507542285143411
1.2542688286088655
1.254770207018684
1.2565536721968265
1.2566449780019944
1.2589349647282866
1.2593597575428457
1.3766378465173812
1.3779929431091111
1.378813667166713
1.3812162036350586
1.3842214564749835
1.3843037085565038
1.3857077347336304
1.3859218092200658
1.387244037948276
1.3873851531664494
1.3884580124679295
1.3897880901937965
1.3901922798811948
1.3911640290828824
1.3912160821907036
1.3923471146073192
1.3925431726160518
1.392575561853937
1.3937783318200931
1.3941989381779805
1.3946044453420694
1.3951215462054065
1.3952312865578755
1.39631836178681
1.3974267122345354
1.3981108633739487
1.3996622240683594
1.3998791891209312
1.4004085672976339
1.4008015202667499
1.4017153241065312
1.4026298470904002
1.4028074279240588
1.403172419956529
1.4039287311486677
1.4041321408563905
1.404186951614478
1.4042546736185488
1.405206846055966
1.4052588110681237
1.4056093633961828
1.4058795783958127
1.406311326801431
1.4067911693183706
1.4080623206479144
1.4089866921195187
1.4101097454676146
1.4102146447772033
1.4114004711009065
1.411720056442117
1.4120273340518037
1.4127199791821576
1.4130026569592424
1.413357844846662
1.4139809268076213
1.4147742022322176
1.415083605081138
1.415877283815805
1.4165949423491213
1.4171198313741364
1.4185115549185079
1.4202936091396834
1.4204543039830577
1.4204569237563152
1.4206047490121048
1.4206697500189467
1.4216394113609894
1.4234828760218918
1.4235429788093628
1.4252645240463542
1.425789295649258
1.4261779725320274
1.42738165885639
1.4282487902328933
1.4291134660997584
1.4298919321270975
1.4307236373850873
1.4308316157524363
1.4308939455944492
1.4311863068842796
1.4322876393851103
1.4327067777312408
1.432931593251897
1.4329942321137026
1.4339623366844316
1.4340743648600538
1.4344737969752508
1.4349290332239009
1.4352159471657109
1.4353275211038556
1.4358761516053793
1.43830316378137
1.445964421528845
1.447067086199178
1.4471306618650261
1.4484808990186129
1.4486793714613675
1.4535195092991977
1.4766146891453984
1.5437833613122323
1.7031623389966368
1.7041796344666398
1.7073088903612026
1.7076310267138832
1.710029798153692
1.7101988704479525
1.7108183403091186
1.7126177335809578
1.7179249389136675
1.7197281365347818
1.7248655782653814
1.7265500812157693
1.7391251299273314
1.7408575249241303
1.7429685086728357
1.7446791761873046
1.74829928241081
1.7521591355296826
1.7524280103913819
1.7563052682807583
1.7568733274949362
1.7570968394380964
1.7716453403817025
1.7730790848469453
1.7741610060878794
1.785459968883553
1.7966992237135955
1.7970094150114724
1.7985580155731642
1.8173156488186226
1.8180129092206645
1.8212148983805407
1.8240748237345488
1.8251331823331407
1.8269850574897353
1.8280502286709521
1.8288921196450139
1.8313341528429565
1.832889262115349
1.8372574897584262
1.8373657942913835
1.8458506277459397
1.8461437867024075
1.8464233481119618
1.8492640433538063
1.8628056629219665
1.8679402973478099
1.8707889142496064
1.8715669158368404
1.8751047538226968
1.8774769700831833
1.8804678477104186
1.8805494997367922
1.882433438253488
2.8175322831739833
2.8238527159422815
2.8283193434849307
2.83437281134784
2.8378602351714677
2.8461024309659173
2.9530442118586127
2.9592706459226594
2.9626634327975356
2.9648495275442293
2.968746207606585
2.974194939179377
2.9818002275335713
2.989346051491624
3.1979183136587146
3.204231810521184
3.206501749344039
3.209964386271598
3.218285507651853
3.2220115830415383
3.247304897036182
3.352289601398331
3.3620393149830714
3.3783964995465103
3.894485799445602
3.9268812477235815
4.1987249606898445
4.217845430823853
4.472356482277085
4.722156648852538
4.781964605795901
4.7935943881950696
