0.8142588555945197
0.8267350320214697
0.8330823221386755
0.872995345498854
0.8892022013364438
0.8975279164344454
0.8990466177511699
0.9062825790719538
0.9105255347596679
0.9605330465055809
0.9618040595871629
0.978435890367005
1.107922784441356
1.1189848974460161
1.1204771688008455
1.130813303316822
1.1345859615330667
1.1374317916567644
1.1762239525865377
1.238907327117105
1.325152149729694
1.3290408542201873
1.4905372986697718
1.5172894122696632
1.5191992730738406
1.5462033675854034
1.551016487262755
1.5612346208886452
1.5639212087973737
1.564722000673227
1.6080517765269209
1.6146024246715145
1.644110369421562
1.7977824328004661
1.8768639352930183
1.9471264093213174
1.9515068419097719
5.443173377488857
5.486982148419138
5.4908550577026105
5.504539101280032
5.506685149594862
5.507569346215519
5.5096012648903425
5.510041300974414
5.510079228713875
5.5218972422085315
5.52368090992203
5.526450324911838
5.528157338913347
5.531662705177733
5.540361313770922
5.548755077420449
5.557311699485074
5.5718419165417625
