0.25995743975654373
0.2633828705711227
0.41059377257958307
0.448407999965101
0.47176742340196376
0.4734733043303936
0.4861293778752185
0.533633890954352
0.5377791660570618
0.5680544396930525
0.5700997719539533
0.5716511472317208
0.5784066854503981
0.7943881581823274
0.8065702905723706
0.8151872212691671
0.8170514247917835
0.8172872955176292
0.8193781772420377
0.8229759620131469
0.8380610815358273
0.8485099984292317
0.8785133450550854
0.8945906750104439
0.9154724243741195
0.9553011495133401
0.9650045175183277
0.9671540323339859
1.0122067873177167
1.0471700928001084
1.0577140595800893
1.0732587017925075
1.1231261384619047
1.1241048221230527
1.152497209985985
1.1940791957233674
1.1971079970528162
1.2119318003599902
1.2136530743419538
1.2153364683196382
1.257499260914125
1.3001273578098789
1.3036037135176135
1.3081409174745948
1.4341725764747917
1.4359931213450638
1.5119427359674218
1.523939666189473
1.5318505549381283
