1.0299261422003845
1.031100973142096
1.0321628389216642
1.0324022783024518
1.0334343572826117
1.0342471353709406
1.0346448812159552
1.0353908968438046
1.0368852014947796
1.0375948382973603
1.0391566220263626
1.043347062763619
1.0443129573845604
1.0456909132671577
1.047017708739952
1.04866342823744
1.0499674146183788
1.0505728561022583
1.050748842795139
1.0522001374731889
1.0522763090129161
1.052279759774205
1.0530050300196163
1.053013444250931
1.0545436081693398
1.0546628922206782
1.055172944883234
1.0551940029586568
1.0554417866662096
1.0564665671012865
1.0565918220465
1.0569149842917043
1.0569616351280715
1.0573518734007348
1.0575380695813794
1.0579012201698819
1.057999136394822
1.0581011663117648
1.058263009346599
1.0582988321476132
1.058626634242446
1.0586508781064567
1.058681280091213
1.0593306898343555
1.0597521411447943
1.0600048751989022
1.0601026464531207
1.0603530767522313
1.060458762526199
1.0607250548523888
1.0607592092238094
1.0608036592523316
1.0610029013663207
1.0612564060644571
1.0615553981124783
1.0616604646872752
1.0618675488863385
1.0619288228576644
1.0620332438552582
1.0622215260933145
1.0623102425872695
1.0624360338309238
1.0629651526727586
1.0631237267805582
1.0632003717817013
1.0637177886501308
1.0638399144325312
1.063963428234754
1.064032844757277
1.0641061821296691
1.0641692826840192
1.0642464771227644
1.0642808217987934
1.0644300946296208
1.0644422101959135
1.0646260410944506
1.0647198468040793
1.064953383891593
1.064963321372808
1.0650839300595096
1.0651967717695645
1.0652737293983898
1.065358949534623
1.0653606133714235
1.0654324962696435
1.0657071669773528
1.0657778846485733
1.065856026975336
1.0658839714791724
1.0659337922045937
1.0660673659052577
1.0665740390573355
1.0665832362175591
1.0665952401625443
1.0665996933526973
1.0666480376369476
1.0667655287019755
1.0669858783012058
1.0671083548448694
1.0671232383078413
1.0671867092854925
1.0671962045522272
1.0673032481500737
1.067391969465358
1.0678431168996754
1.0678780511640742
1.0679054839445132
1.067945553906929
1.0679517780720138
1.068134601629599
1.068160402404992
1.0684569483654198
1.0686175504050501
1.0686762859089942
1.068823985576809
1.0689459022457706
1.068951241103122
1.069051194433199
1.069452894131421
1.0694669684538263
1.069894707062388
1.0702422034822885
1.0702584555740555
1.0703960475254617
1.0705872294275196
1.0706873001454147
1.0707730605688903
1.0707877838569018
1.0708016546494064
1.0712936684834347
1.0716558903396745
1.0717079640461
1.071771605882181
1.072345589449324
1.0731481883049991
1.0731682986272362
1.0732367552616848
1.0737112703832532
1.0740793004474831
1.0744521572043206
1.0746573237307953
1.0764234858443005
1.0769985127183594
1.0775238828043283
1.078978820064025
1.079107258982872
1.0794732460491383
1.0799425222985923
1.0807329756005308
1.0811521982592096
1.0821490348887302
1.0823446234363696
1.0824111540154466
1.0829257531723535
1.0833649773836758
1.0834161566908092
1.0837191027806656
1.0843252977929225
1.085185659313766
1.0869449179339767
1.0872720852100948
1.08800782997547
1.0882795133593253
1.0883463922333223
1.0885570366514745
1.0888211641286805
1.0888317919567154
1.0894271415038341
1.089536158234679
1.0895992985780831
1.0954167777582065
1.0981531578487882
1.101416711952962
1.1035757207310848
1.10479211449244
1.12227785059557
1.1248142668142125
1.1392649653973799
1.1421916169865478
1.1492565026998647
1.196146267247462
1.2085128821646385
1.2144842709045005
1.6042066537109891
1.604387630674936
1.6057277008153548
1.6060515518341265
1.610411709325394
1.6108300196164924
1.6113327032494082
1.6113966559625388
1.6124096657810374
1.6153902067533503
1.6157361649920603
1.6157484692500474
1.6168252909916891
1.6291579956576392
1.629697406551468
1.6322159246723704
1.6342946849944406
1.6348095985514994
1.6357063157956195
1.637874610358275
1.6378815759888838
1.6379513631614986
1.641023309924753
1.6449364046663528
1.6507800724096902
1.650942315885928
1.6521553896473467
1.654564047185783
1.6558420605848803
1.6620999231343698
1.6633300007218565
1.6644563415739861
1.6657472311256727
1.6788588197555212
1.6801292183193273
1.6815972045337695
1.6829245249921718
1.9395263236655622
1.9396214750903544
1.940540090579315
1.94065129760579
1.9408955682651814
1.9413715966240408
1.9449748246517942
1.9450643740050364
1.9456110456328777
1.9457731563647698
1.9460199569152987
1.9461184382083698
1.9463791480132646
1.9464376399399137
1.9468319447345848
1.9468358680406752
1.9468569138220064
1.9470043409373434
1.9470371919816627
1.9472039035191668
1.9480535316471554
1.9480943623481928
1.948111908253937
1.9487963714099175
1.9503131560787046
1.9504361202640534
1.9515057457742455
1.9516300933413404
1.9517727218050438
1.9522903508566976
2.082774239916049
2.0963411035866657
2.0966844388851955
2.677986764569953
2.69081971232582
2.6959332985822906
2.6991030454534797
2.7016848775906928
2.7032844911855274
2.7091325092515595
2.7117381067412976
2.7151443597031584
2.7166568082551206
2.7198771462949813
2.7212906693350924
2.7245992873992684
2.7265314449293974
2.72901995503277
2.7294117046956323
2.730383861232253
2.731145173814665
2.7312868983536367
2.7313212313999586
2.7357125807578395
2.7367864996025957
2.7368553064882715
2.737374500543183
2.738299275608762
2.739777060136721
2.7424416496441766
2.74282939977272
2.7440338651582374
2.7443738587355693
2.7467739025014235
2.749017430928959
2.7494309322476087
2.7510429406091435
2.75110684668395
2.751683717574739
2.752120919241093
2.752191288398061
2.752295277240238
2.7529425510398693
2.7547663295146427
2.7557931277906174
2.7560099392702178
2.7564164941485623
2.756452936696749
2.7572290551468845
2.757839934127927
2.7579683123935093
2.7582737051842647
2.758791111584335
2.759222757919707
2.7594439006421854
2.7594720620171294
2.760847870239384
2.7616067513388782
2.7625847168452333
2.7649662078360002
2.765276779652552
2.7661918046205534
2.7674823698076927
2.767544660635426
2.768455980209501
2.770396522813797
2.770910559171681
2.7712168928914975
2.7712590743247816
2.7731478304182877
2.7733241935119173
2.773639309851635
2.775211960121923
2.7756535280661225
2.775758821553466
2.775875043943795
2.7769349610472287
2.7771058909485733
2.7772908062269095
2.778350889457196
2.7786242837376633
2.779285148427005
2.7796399111466723
2.7802971891862422
2.7816369725796797
2.782257959703362
2.782996753815158
2.783134873441311
2.783502261814229
2.7840428458348194
2.7855271837344433
2.7861017400896704
2.7885084600192576
2.7885131728201107
2.7902027579476067
2.790766538359801
2.792226922604947
2.7935615125729583
2.7938773949610685
2.795448086894218
2.7963098554506836
2.7968924709509557
2.7974422180812093
2.7974786692963955
2.7988055778142007
2.799280144335549
2.802273689936696
2.8026995821269427
2.802890883711328
2.8036186185454697
2.8045752833230324
2.804800512416277
2.807493411672909
2.8079569490974876
2.8094483503338123
2.813035685762962
2.813856277234435
2.81921924456391
2.8232064601403244
2.828883383803581
2.973093248304958
