0.42301960889161444
0.4231118727653013
0.4231328640955445
0.4235210872069454
0.42438473308545205
0.42469935081818766
0.42541116020952674
0.4257661056558638
0.4299486979068818
0.43020975881863455
0.4302735226679046
0.43054354679983503
0.4305672515529895
0.4306472211859802
0.4306525907926957
0.4312563578454772
0.43131148843041023
0.4317731521352044
0.4318468174270002
0.4320061281018872
0.43207603384128945
0.4324631632560571
0.43247354246943864
0.43247764070335193
0.4325297955435448
0.4327740431075253
0.43286450660989956
0.432984898940844
0.43300203745446386
0.43366425142018844
0.43374650057510983
0.4338113364384755
0.43402602631745046
0.4354577072883142
0.4354619615775858
0.4354925588113443
0.4355846047709371
0.43559534574352693
0.43568155514927925
0.43568581518794275
0.4356987450490862
0.4358338310195114
0.4358795079727435
0.4361382430654626
0.4362495841752528
0.43637972013523046
0.43662883941791075
0.43687549083601945
0.4368918710445162
0.4369720164204428
0.43698339443992473
0.43711931889728056
0.43714247531060446
0.4371942134228271
0.4372431814949361
0.4372653557672671
0.43728479373635837
0.43746119537817774
0.43760917457896836
0.4377210543031214
0.4378408762908663
0.4379271446637185
0.4381204875891601
0.4382893317596633
0.4383435628541781
0.43844691951578635
0.43857523387217084
0.438631578922563
0.4387876079346679
0.43882577077077256
0.43885616827112417
0.4388683489517651
0.4389654584141986
0.43897350023467485
0.4390759961904628
0.4391261770845469
0.43940027200289905
0.439477851331079
0.43955338657907156
0.43961770611150586
0.4400353836747171
0.440324307832387
0.4404566431909513
0.4404729856616461
0.4404900772203059
0.44051746164458344
0.440629094746871
0.44072624345130207
0.4409934765248506
0.44103278734258916
0.4410918340092945
0.4412113358423728
0.4413405077723398
0.44136543623940266
0.44139391033326675
0.44175108561151655
0.44188899078052113
0.4419273670828961
0.44205030713598087
0.4421439607224848
0.44220201401694226
0.4425443178761828
0.44265241983647247
0.44266187586843003
0.442743936603348
0.4429566573583691
0.4430219458534677
0.44306710674247063
0.4431860407710132
0.44354114786559473
0.44358444661373364
0.4436260067583365
0.4436260870653936
0.443688143349542
0.44370817596548545
0.44380154624904905
0.44380379121334673
0.4438642951431722
0.44395830339249737
0.4442685482157494
0.44427294707035686
0.4443785465454291
0.44443270011719005
0.44445648408235006
0.4446778472115074
0.44468477068144996
0.4447897896604663
0.4448802087061741
0.44489060426391963
0.4450479879276883
0.4451115228649235
0.44520774187001727
0.4452554001869406
0.4452710393820438
0.44558368087153827
0.4457021188208596
0.44586547348360184
0.44588368009039725
0.44643951376718494
0.44655797264370417
0.4466061127533494
0.44664164541102697
0.4467602456543846
0.44676728155137996
0.44683755441964973
0.4478837302727605
0.44827839472471415
0.4483498728201758
0.449056566255681
0.44912690231102587
0.4491858235384406
0.44919838955617997
0.4493697353990019
0.4494387154062782
0.44988216795347863
0.44996312396615584
0.4504141000164884
0.4504684870773066
0.45060819480776443
0.45063390371469525
0.4508242064153625
0.45091299992800793
0.4509437952354557
0.45102241770349843
0.4510758803356018
0.45118838334720224
0.45121200945157874
0.45144903926305124
0.45145708634787135
0.45213594753361114
0.45248916453051646
0.4526354081807697
0.4527541364621557
0.4528800401886528
0.45291585485900576
0.45299479770528767
0.4530029958073383
0.4530231757490765
0.45302446220753395
0.4531383207158284
0.4531467505671634
0.45316889193853804
0.4533418716127664
0.4534680513176263
0.45376855035280145
0.4537733173056919
0.45407589626734984
0.4541532746356186
0.45438054468725664
0.454430874222646
0.4545687739415946
0.4547857527616772
0.4552003134255911
0.45545813063060303
0.4556441904469317
0.45567800728776764
0.4557886689482828
0.4558406627087417
0.45589095760812925
0.45589943010269846
0.4559714472245224
0.45607969756811817
0.45609292136029295
0.4561394456395241
0.4565630737621759
0.45673558533595154
0.45705580581846655
0.45705637172392166
0.45707079911128784
0.457085394477897
0.45715284385858196
0.4572267520247542
0.457689853992288
0.45784279099421493
0.4579121797999066
0.45817657142654394
0.4582948926755115
0.4583535694329352
0.45837302861872015
0.45842489652692564
0.4584792257511189
0.45852388180189324
0.45854356988984657
0.4585599019864029
0.45867031215442966
0.4588767122442288
0.4588856686530236
0.4592523361213849
0.45928052909027045
0.45932548049423316
0.45949116257241696
0.4596214010799205
0.4597192475920364
0.4597371820955479
0.45983815893260127
0.45983952272056267
0.45985528189274205
0.4598555223612136
0.45994114454576834
0.460074878482196
0.46009967181168226
0.4602059160704295
0.4602177700634269
0.4603532826906409
0.4604006517964793
0.46061029228271017
0.46080087286601973
0.46086504673085765
0.46094778076303233
0.4610044036495269
0.46102286884429317
0.4615238785088086
0.4616687053153245
0.4616986054263865
0.46173214472938606
0.4617733491940402
0.4619430821079077
0.462107285996992
0.4622074856312114
0.46236010429268415
0.4625179969916896
0.46263051576130576
0.4626572125099484
0.46271207417528665
0.46304318510611386
0.4631245914074745
0.4632183427168611
0.4632835248180756
0.463351187885166
0.4633743972885115
0.4636076500203149
0.46396669630628773
0.46436679351121424
0.4645452251116583
0.4646208239151074
0.464631299915042
0.46466716331787106
0.46477431127019475
0.46489610148457206
0.4651351979332491
0.46534636042743155
0.46535468708927513
0.46535548295794343
0.4654238692484975
0.46551467214303216
0.46594133861819925
0.4659631737300545
0.4660444120879487
0.46622761864000195
0.4662651124673961
0.4662952131125828
0.4665449186710322
0.4667361911927553
0.46688685961995896
0.46726369922046024
0.4673587847131164
0.46739935892341844
0.46782923203750243
0.46836316166590747
0.4686005340487268
0.4686925997389419
0.4688951539699402
0.46919154864543144
0.4694001189340631
0.46972260769051255
0.4697503908570002
0.4698430592193236
0.469963753716876
0.4700324991072447
0.4703488692404312
0.4703802650878104
0.47038287688236746
0.4704647114035321
0.4706737812074567
0.4707646056174522
0.47084766033536146
0.4708675233738034
0.4709144137789145
0.4709985054793375
0.4710765760349586
0.47117336438442403
0.4713192106427733
0.4714957988203334
0.4715344741537172
0.47156829703155856
0.4717627081701875
0.47182326017121673
0.471877517577194
0.47191573715588936
0.4722471215893338
0.4722492337767563
0.47233028324231163
0.4723560314901429
0.47249327152602255
0.47260391316084094
0.4726394301187777
0.4727265917348298
0.4729590221879734
0.47309543965295514
0.47329240935032907
0.473354305049876
0.4734365057871351
0.4735021496661769
0.47365608700034434
0.47367199903215224
0.4736931832711892
0.4738579139522477
0.47395010303917806
0.4739769212276748
0.4740771854254418
0.4741860750789464
0.4744255850762936
0.4747646086792592
0.4747808992839507
0.47513268738519454
0.47528649905935033
0.4753459922365905
0.4753711685389527
0.4754895633414255
0.47549219801911097
0.47558511533080433
0.47581881598797837
0.4759458884020761
0.4760213313619493
0.47604287549670266
0.4760437187913019
0.47619750222584906
0.47620405418785483
0.4762422768183618
0.4763666192019073
0.47659965314321423
0.47663057734021286
0.47668084919735243
0.47670073412399383
0.476740249208517
0.4769266112949845
0.47703207723152946
0.4772441104915915
0.4775456726106385
0.4775864263650782
0.47785181794373066
0.47793514254972647
0.4779526751256601
0.47838099936192385
0.4788155968455381
0.47888343892086327
0.47902008274119895
0.47930858789197733
0.47936004025594914
0.47955271249196013
0.479672607993015
0.479795733241011
0.4797996634728217
0.4801008970703273
0.48016836212739517
0.4801940678589848
0.4804006266009793
0.48042671319962776
0.48043873051899577
0.48058805362870727
0.4808409955022952
0.4808558556730878
0.4819650496905999
0.482058224178405
0.4821418569136883
0.4824296578583925
0.48248142472553623
0.48309829043915015
0.4832311813919973
0.4832746685141852
0.4833448270340318
0.48348586896801776
0.48386310608255334
0.4840450209572727
0.48413480129914344
0.4843513414057844
0.4843989837414457
0.48455822976972024
0.4849603665824028
0.48497492005475024
0.48535965494343275
0.48574505086778685
0.48575011468302254
0.48580169551312224
0.48610845633087085
0.4866600172458256
0.4873857615969625
0.4878245068713072
0.4881872166830627
0.4894394818103745
0.4896927730527107
0.48999178013663697
0.49025748131268976
0.4903357019598317
0.49057651614552156
0.49069333490674677
0.4911125726122446
0.49139831849783633
0.491907158589714
0.4919208586702685
0.4928756705689363
0.4931392454703819
0.49323457393853143
0.49346193982808567
0.49369264279440717
0.49410743329129275
0.4941357244444285
0.49593746236665454
0.49597525518324315
0.496956253901724
0.4970874249026439
0.4971624502113654
0.49783924623830444
0.4979276421055567
0.4979716563599337
0.49822502792800283
0.4983370102686535
0.49867218941697283
0.4991384806297323
0.49919449579127917
0.4992331794677013
0.49923940481815904
0.49929472755560445
0.49943706452293185
0.49963674563880406
0.5003367762898242
0.5004019887004473
0.5006139233010936
0.5007000755109161
0.5008067775868897
0.5010143651584623
0.5011884618179274
0.5019065988226671
0.5024858813681348
0.5027722534023564
0.5029099430518883
0.5031065736077702
0.5034617338346906
0.5035268729681479
0.5050113413014229
0.5052959263946388
0.506543234621864
0.5073971550539936
0.5074945657755346
0.5083359880928934
0.5084663473591539
0.5086536925542752
0.5086623790794021
0.5092227105193675
0.5092932201753456
0.5096703521856979
0.5098092183284649
0.5099216636229592
0.510232331796625
0.5103694104073967
0.5106015097255059
0.5106732731988834
0.5114590521020211
0.5117584270390538
0.5120605721038748
0.5123578667628983
0.5126395017848061
0.5128328265952251
0.5129478886073768
0.5134147255957789
0.5141122305720026
0.5142488715180796
0.5146275704644178
0.5148066670084326
0.5154364171860231
0.5155774745802243
0.5159075912075144
0.5166734340617007
0.5168271258393147
0.5169554667681181
0.51719836546604
0.5175161691699656
0.517557882641097
0.5185096622747628
0.5195022175474429
0.5202097639674969
0.5202321415183753
0.5205952279387698
0.520772031013905
0.5213035216753316
0.5223342072233571
0.5230322519082768
0.5231979836644981
0.5233900503219941
0.5242834880279009
0.5249524245135251
0.5258958188188532
0.5260037920539279
0.5266274546223353
0.5267568132084623
0.5284400913457018
0.5313855080807457
0.5316107920101919
0.5320352624538484
0.5332576587880413
0.5338666459064054
0.5339276515718535
0.5339428723618371
0.534427678388372
0.5345389297327436
0.538693978205329
0.5389167897103375
0.5393347191927742
0.5421580423442457
0.5440061369006308
0.5440434345598713
0.5446204746179275
0.5472030037403065
0.5473150744724367
0.5477033458328908
0.5483813071210972
0.5487775802974699
0.5488286294948537
0.5489226082900716
0.5497945284439552
0.5510017166400335
0.5514611814362322
0.5515081573509132
0.5532715461713478
0.5533317385802653
0.5561262581807066
0.556368254978969
0.5588262333557517
0.5596175431037304
0.5600852190824938
0.560132375830479
0.560994446288801
0.5617799624584378
0.5620886035072223
0.5624220629737942
0.5626484314288478
0.5627319116960946
0.5628131108747593
0.5636813920436167
0.5647402436994129
0.5652425406265583
0.5656097453167704
0.5658921935158958
0.5666000931456925
0.5671363916697395
0.5679808536159793
0.5682634749936952
0.5693726940906021
0.5694601961434945
0.5701073304030692
0.570241111504106
0.5737223011951492
0.5740611448805487
0.5741360650998695
0.5751708611245031
0.5767024923264107
0.5772654003789508
0.5776882431489644
0.5783294686115614
0.5788955189304071
0.5804554557877856
0.5806378808011611
0.5807293809400531
0.5807721702150704
0.5808590160260543
0.5820765751511662
0.5841318296391163
0.5844293458623616
0.5850550542640551
0.5857998845370836
0.5865365145076682
0.5868724829628799
0.58773791518167
0.5886219960096962
0.5886249319949538
0.5896342393342449
0.5899784423921766
0.5912484041342115
0.5928311877512175
0.602378342258527
0.603232454071096
0.6042312699196823
0.6051799177889631
0.6080162274975215
0.6101150724545635
0.617937055214682
0.6182770399862093
0.6186278860218899
0.6191965877200634
0.6192860877850617
0.6221640046590569
0.6223226337144954
0.6228549369216788
0.6232322947882739
0.6235757869758913
0.6237661350703162
0.623935337094634
0.6241193582629416
0.6250093447031466
0.625210739779118
0.6252528997492702
0.6253245757813509
0.6254813555130004
0.6264087392587638
0.6265156302661368
0.626678064870783
0.627590056209744
0.6278090955782445
0.6280616881873918
0.6282850707768932
0.6287676383705854
0.629111553483518
0.629228831569004
0.6297074147475421
0.6300915421588461
0.6306006240058853
0.6311522711890176
0.6311640337905923
0.631167329787428
0.63132286889122
0.6316022403149515
0.6321262820721357
0.6323991312267542
0.633128176231964
0.6331729350893579
0.6332297830678608
0.6333175930483905
0.6347895016684364
0.6353853364570875
0.6355488040811544
0.6358429374863909
0.636082267428194
0.6370673903037716
0.6374105972212205
0.6381044245397087
0.6390318903522858
0.6398637592115385
0.6409866957539119
0.6418102646854935
0.6419150209577544
0.6421139630040575
0.6421982626000851
0.6430262417405024
0.6431194188904974
0.6493668552762059
0.652034127596964
0.6585205803167972
0.658818937981955
0.6615701085108041
0.6636688392439998
0.668892891055541
0.6690927190989475
0.6709635311055531
0.6733105585152934
0.6735584436889058
0.6841096227393685
0.72106694865283
0.7227069702434459
0.7324152416512762
0.7344643367446241
0.7371596759739196
0.7416583057276308
0.7447907918387291
0.7449030885913259
0.74501998035009
0.7483013867269659
0.7491917289185935
0.7492762813937436
0.7511406136968839
0.7513444912304325
0.7526212242043093
0.753264164467464
0.7538237834303214
0.7556223527191281
0.7558850795683358
0.757582579725483
0.7580730575852727
0.7580905286323081
0.7591410806559793
0.7594293295920784
0.7606884166808537
0.7610164255571812
0.7611593559261653
0.7613560003235745
0.7632878343086941
0.7633029131290493
0.7638640716897592
0.7644593505079093
0.76482905196639
0.7653715196726496
0.7661583628761804
0.7662750864387333
0.7698250992992121
0.7702798628610458
0.770615809696084
0.7707070502696856
0.7723735183809998
0.7730941952785636
0.7732470938099312
0.7766575319258994
0.7769665297911332
0.7777682104582821
0.7788757604549581
0.7791859138062368
0.7822248068517448
0.8401009850634837
0.8459380553174352
0.8699114518292658
0.9638471015788419
0.9697053962033745
0.9885284794850195
0.993271665525741
1.026984052879991
1.0296333856175957
1.1230279708249171
1.1236044590724144
1.1340728611342419
2.895668799805967
2.8964146651194014
2.8965869342809136
2.8980253227829658
2.899023389962527
2.9034167520486074
2.90558683155455
2.9061957889334433
2.9076190233959673
2.909476347191975
2.9101097830598617
2.9121220663300167
3.5259214011127744
3.532234229534997
3.5379341454801856
3.5388666660688637
3.5394755723533087
3.544436623699897
3.545438280991498
3.5466423250196693
3.550546356705611
3.551832547116961
3.551876740276023
3.5533915947136223
3.5534251615481205
3.5537460019438183
3.555720550823858
3.555912512643304
