1.130148784956835
1.144238258695238
1.1465916943660353
1.1481291466569468
1.1487797313435848
1.1494404905870728
1.1506154916817526
1.1518298444654596
1.1523848212277097
1.1524486215647507
1.1536559618446007
1.1555318044570075
1.156505494467437
1.1567715885113838
1.1579342463274394
1.1579547118558657
1.1590593381447123
1.159206053554851
1.1619525735751937
1.1645059829959736
1.1649171113112926
1.1670919736334715
1.1676235139574336
1.167740833969276
1.1680045575426883
1.169103091403066
1.1705058438315452
1.1726367145442274
1.1728816035395677
1.1740212944692396
1.1745762307742513
1.1776359045315317
1.1790896852361943
1.1792037774125543
1.1793771393788923
1.1796669123382715
1.1815510575466213
1.1827639433533426
1.183076589682622
1.1833409061249653
1.1837855484251574
1.1845770906114483
1.1846211770977593
1.1847360094682033
1.1850304643054432
1.185124655934967
1.1853396517537418
1.186214444960617
1.1889944108790496
1.1895484798301283
1.1905893944959836
1.1906239546247688
1.190901043882756
1.1924464655483633
1.1928748892283059
1.1936592420691252
1.1942063052175345
1.1946824673918037
1.1953639398306248
1.1966778418808224
1.1971637283607024
1.1979069461058593
1.1979895223075208
1.1989037864297714
1.1997320273775172
1.2012220444544475
1.2013826389393127
1.2015128316480372
1.2019921055222784
1.2028311772273343
1.2056226367329625
1.2056636634650382
1.2070777354053945
1.2090252869729563
1.2107301318450554
1.2139862263469734
1.215261536861328
1.2157662825502824
1.2166279451973645
1.2224481160728862
