1.2268791307362248
1.2275755727147706
1.2277042734164159
1.2277374832945518
1.2280954153025412
1.2290146719054689
1.2294956439614055
1.230726266096882
1.231525560923888
1.232797753328893
1.2338075832099116
1.2342750547513393
1.2344073198374297
1.234590539387755
1.2346006820553868
1.2349701588491073
1.2353600959490645
1.2353681077430974
1.2358004898370767
1.235846137081612
1.2359451249877835
1.2360721988760774
1.2361509674779665
1.2361764684335883
1.2362015704158058
1.236236388573132
1.2364897933579595
1.2367506072132965
1.236823454796917
1.2377097485200885
1.238062165838926
1.2384179511374434
1.2387494871424871
1.239031840577329
1.239326032631485
1.2395205923403068
1.2395669623425052
1.2396445720638183
1.2397425490639624
1.2397607096456646
1.2398450985960068
1.239888317400592
1.240040115859097
1.2401346710643577
1.2406093427132738
1.2408779763678461
1.2409365341830965
1.2410040466126508
1.2410314292975588
1.2411439436288456
1.242279983844702
1.2422950600931462
1.2425312815821894
1.2428896995432164
1.2434865380025344
1.2434901371790832
1.2436455168420368
1.2437350256148814
1.2440144517958922
1.244432815552976
1.2447806898657057
1.2450137913055688
1.245027436094377
1.2453634855676619
1.2454712618284343
1.245527932585516
1.245631361873507
1.2458049727730947
1.2460898460360368
1.246247502982943
1.246277858849131
1.2465196789957163
1.2468209443722302
1.2468984655618862
1.2469651994800115
1.2474504715033694
1.24771963929842
1.2478875426460267
1.2479127077220982
1.2482103862309732
1.2482119593585852
1.2483068213364377
1.2483087994017221
1.24832403121165
1.248447641098409
1.2505095724624455
1.252686928018206
1.2528300105253072
1.2538049044453399
1.2547565789779156
1.2551683291002076
1.2552295734956629
1.2557230880036439
1.2557455855402775
1.2560915543312239
1.2564320418341128
1.2567640183028457
1.257000890023825
1.2574618583485473
1.2574799477792935
1.2577254519886074
1.2577976250826552
1.2579162919116564
1.2580785981776608
1.2584033302368303
1.2586497146918143
1.2589053148828229
1.2595751326711486
1.2596223390483978
1.2603640373880929
1.2604102318811323
1.260675211733533
1.2606899353971748
1.261165438291516
1.261206803200847
1.2613187513334099
1.2615456933336582
1.2622996546213197
1.262487789177281
1.2643215922825846
1.2644074177249482
1.2644450895374357
1.2649445208647294
1.2649543303148518
1.2670544073715024
1.2671396640439594
1.2674941322218825
1.2680307322806192
1.2680685530844467
1.268987833427719
1.2699699191812979
1.2702692781850653
1.2710018368772904
1.2741734274785517
1.2745772569799214
1.274645233814293
1.2748489469842628
1.2756305586098706
1.2762867890341862
1.2763561891379562
1.2765084287771522
1.2780978153581255
1.2791602628428178
1.2798773003844375
1.280062929602566
1.2801718987447097
1.2803154041038434
1.2803457774664189
1.2803956514617356
1.280444679018189
1.2804776953949666
1.2814055879843433
1.2815679059457463
1.282374551693237
1.2825279801910643
1.2826166624017568
1.2829248815981404
1.283100306414375
1.2834063210713418
1.2834506753433548
1.283685356710077
1.283796780377
1.2839580772055164
1.284102794836716
1.2843624854988143
1.284988389399138
1.2854957781070553
1.2857317919264988
1.2862810138640863
1.2864419755229926
1.2865103766827857
1.2869723437142957
1.2872039469330472
1.2874306888058658
1.2874447335223462
1.2874471976109436
1.2882267041680988
1.2882932245355847
1.2885741175217607
1.2888062890459278
1.2888137250414002
1.2889058799001663
1.289182200925633
1.2892867329454745
1.2895578392060731
1.2895823725261275
1.2898691041160648
1.2904426428648923
1.2907300911216588
1.2908395776189694
1.2917533639847236
1.2917943335691426
1.291847854524652
1.2919878818724864
1.2930382724732095
1.2934444113748385
1.2946129771290544
1.2950071024857706
1.295284626446534
1.2958781974539677
1.2964938514375164
1.2966389548722042
1.2971475779796315
1.297157867099997
1.2972175124964065
1.29831911942067
1.2985467608719252
1.2987968892576405
1.2995360591738467
1.3001539595423577
1.3002750980442233
1.302449624443048
1.3029668146038362
1.3031630721608987
1.3033598569524742
1.303706970467383
1.3040849719981782
1.3041750641436456
1.3044221744479143
1.3051447597177803
1.3066614583777776
1.3068660579040319
1.3071075499547553
1.3071266800636558
1.3072694264209972
1.307947673698471
1.30807158690966
1.308416894429261
1.3084500841865248
1.3086202916817478
1.3093411921984557
1.3103575690334743
1.310466095337342
1.3109583761187347
1.311005186791067
1.3116151211311824
1.3117209181914693
1.3119238153649437
1.312036667657924
1.3124589779867297
1.312530811590209
1.3131027537583617
1.3132429359162798
1.313573842007491
1.313804160793384
1.314416482152763
1.3147204378514294
1.3148325141238595
1.3153393656977428
1.316282829353599
1.3167237711319326
1.3167243340128876
1.317641203182082
1.31775585689857
1.317915799304284
1.3180062241354935
1.318227717459975
1.3183535595682183
1.3190041742660825
1.3190041742660825
1.3190443956539903
1.3193893642322285
1.3198709193385614
1.3199031652445816
1.3200924217613006
1.3207354667661686
1.3210978541712688
1.3213906092510175
1.3216356526430943
1.3217059150661468
1.3219999334651735
1.3220804936507073
1.3228494754644797
1.3229541495319814
1.324211005153046
1.324478070133935
1.3251109787738853
1.325117845704378
1.3251773189965577
1.3253863412411448
1.3254675231140916
1.3260889881010032
1.3262926966630069
1.3265182201678116
1.3266346581121795
1.3268663429138732
1.3275027666209875
1.327879079611983
1.3279021554960817
1.329393959930581
1.3303079076186513
1.3305311557331896
1.3305846905321328
1.3309155546360916
1.3312686247971324
1.3315926961611932
1.331702065142908
1.3317990652364555
1.3320711663553855
1.3320992836618253
1.3322004330936057
1.3324430171541317
1.3328971389917263
1.333516590082111
1.333526290309949
1.3336566102944436
1.3338890872518658
1.334144638788499
1.334382423442949
1.334605260951131
1.3354548104050281
1.3356555352184214
1.3357087937437313
1.3357258566719024
1.3358657990064315
1.3360558477705269
1.3361720440858675
1.3362023311810785
1.3363373002045724
1.3363603150521055
1.3365569237989638
1.3372839374635257
1.3373997821178012
1.3375333226651385
1.3379208647908267
1.3382833126204123
1.3387483835099596
1.338962920889743
1.3389670775166918
1.3389740526620444
1.3391019002988367
1.3391183577294024
1.339410446721148
1.3394847378192831
1.339591595046288
1.339739385412669
1.339801879647544
1.3400530712608287
1.3400596235230071
1.340304528924208
1.3406810782094882
1.3407590997499361
1.3409690260334077
1.3409975953900026
1.3411177750177024
1.3411534674755297
1.3413213786166434
1.3413555296390252
1.3413973301514353
1.341467619331476
1.3416359905841138
1.3416454380217877
1.3416847838113732
1.341713772977904
1.3417879799850527
1.3423201254687651
1.3427883902274105
1.342986033455041
1.3432589149883045
1.3433738699916808
1.3434054492135428
1.34362931007608
1.3437639934878027
1.343852937519581
1.3439268372352982
1.343948567198353
1.3440022813516928
1.344304588334686
1.3443563248683812
1.3444277563190055
1.3445431151886424
1.344620637658324
1.3446660039897471
1.3447140775209097
1.344883203351524
1.3451719503390067
1.3454408191574119
1.345507387239367
1.3456969166130295
1.3458251588166545
1.3460699575684143
1.3465527471698484
1.3467423114363666
1.3468624906028577
1.347029608489408
1.347051320634463
1.3471593116657345
1.3472468878761232
1.3472617967223035
1.3473883465730947
1.3474315857876629
1.3475194778986528
1.3475599124213054
1.3476374270630627
1.3476508161247867
1.347970664092067
1.3481930497014305
1.348352396548494
1.348453151496319
1.3485247605822468
1.3485347149470852
1.348668342270565
1.3488976887423978
1.3489505929707029
1.3496550720424176
1.3497019478581318
1.3499796498349923
1.3500121237114695
1.3500418243665728
1.3501104900033476
1.350202288149797
1.3502153879554368
1.350222491005233
1.3502257634917898
1.350264932347854
1.3505910780713424
1.350765118208609
1.3507680246052998
1.3508902620426293
1.351043414105883
1.351058957908087
1.3511314709783735
1.3512303287126055
1.3516622324164704
1.351805112544661
1.3518645139174417
1.3519374517786162
1.3521065770855618
1.3521706714810233
1.3522186114249597
1.3522809037364802
1.3523107099696234
1.3526785843181661
1.3528076965097078
1.352860476699462
1.352941493829137
1.353323500024817
1.3536586903233643
1.353666555904878
1.3539308566190429
1.35398605440633
1.3540167391751692
1.3540839397467614
1.354150268873771
1.354179561757095
1.3543485540999087
1.354359791184303
1.3545564310432838
1.354622392120802
1.3547164060634813
1.3547941700723642
1.3548431803391663
1.3549263568382164
1.3549420084051258
1.355006257713791
1.355086357601234
1.3551175540149123
1.3554972646823953
1.355573385042418
1.355718695209572
1.3558216948061823
1.3558244100431354
1.3559456822810745
1.3560980914892424
1.3561120444910293
1.3564623408280143
1.3567483615098384
1.3568269636500683
1.3568893871635068
1.357143416190395
1.3572350792721064
1.3572393605075295
1.357281329873391
1.3574069984002914
1.357596138246608
1.3577034631310985
1.358096251170314
1.35809883493842
1.3582225400479302
1.358439565337157
1.3584781931415566
1.3585105350423285
1.3588239877834563
1.3589379824054617
1.3596433786823496
1.3598015941651593
1.3598117511388517
1.3598174525360687
1.3598951295738282
1.3599749917999056
1.3600956317397257
1.3601006604864325
1.3601006604864325
1.360239879940508
1.3605026701023584
1.3605337516734581
1.360748202172854
1.3607656794016443
1.3608284304877316
1.3610316571151044
1.3612782418534488
1.361315875245588
1.361315875245588
1.3615022633358855
1.3619248629114724
1.3619546826190068
1.3620951194633137
1.3621571862342994
1.3621854096238328
1.3623809149285202
1.3627679497749916
1.3628286686441875
1.3633213579140337
1.3635648216611003
1.3639236204248308
1.3639580620345648
1.3640722113509522
1.3642669924570119
1.3643272928394135
1.364439565548552
1.3644783843076074
1.36448761806681
1.3645626271098374
1.364671250371022
1.3647278827553475
1.3648905214638873
1.3651559279090628
1.3653428759627382
1.3654117748833938
1.3655067198117108
1.365518893500862
1.3655694594949253
1.3662590955510552
1.366342281429255
1.3664098623654275
1.3666646913178522
1.3669575110815708
1.3669769397570322
1.3670992630342302
1.367151486978891
1.367151486978891
1.3673426282757701
1.3673730094613774
1.3674151962528536
1.3674239757550184
1.3674539071491676
1.3676145001530522
1.3676754954896813
1.367776607511526
1.367879614648232
1.3679322535031464
1.367996147261579
1.3680705817475871
1.3682656745072714
1.3682805228960935
1.3683845245468738
1.368470299407302
1.3685498213710454
1.3685621252974511
1.3686067041038916
1.3686067041038916
1.3686361082400411
1.368653129022065
1.3686793238766422
1.3687607210481674
1.369030874386642
1.3691111062543424
1.369139229553829
1.3692147590589125
1.3692517947170448
1.3692518643595517
1.369270931906419
1.3695869655642283
1.369835090485976
1.369914983595119
1.3700265445611575
1.370322167197475
1.3703371261392592
1.3705027468774464
1.3706283711205043
1.370643900585562
1.370894661208641
1.3709445095172903
1.3710304850809236
1.371505142490177
1.3716424296610539
1.3717016189310207
1.371771109190304
1.3718918272476452
1.371909930254574
1.3721086688235518
1.3725040110613578
1.3725507259048513
1.372565867035076
1.372622762427914
1.372707255435127
1.372850439078412
1.372989035837554
1.3730317669627827
1.3731350832990354
1.3731350832990354
1.3733120950767965
1.3737026960188403
1.3738677718899615
1.3738846327686465
1.3740041554375337
1.3740266406044483
1.37440964639704
1.374418552593479
1.3745132471540744
1.3745345568260243
1.3745400327014947
1.374562638066818
1.3745912182474684
1.3746667973366158
1.3746667973366158
1.3747235506523818
1.374795146147752
1.3747960620096684
1.3751485248571125
1.3752883245119059
1.3753639276814371
1.3754339823957773
1.375498661243257
1.375614201936854
1.3758649670320493
1.3758816527181343
1.3758930633268804
1.3760511873375334
1.376226123664526
1.3762423304469988
1.3763136285857271
1.3763304662877047
1.3763782324352671
1.3764053019279574
1.3764298529266916
1.3764493036529395
1.376519874271921
1.3765657492134071
1.3766725610042336
1.3767952203809595
1.3768650420019017
1.3770831868565538
1.377103790276302
1.3774475249277642
1.3775031759465852
1.3775305109837892
1.3775305109837892
1.3776502625322977
1.3782395454454623
1.3782542478123692
1.3783371746315007
1.3784667868874898
1.3785141999786779
1.3785320137793287
1.378685133886113
1.3787270501806126
1.3787684473783524
1.3787811236305236
1.3789010790223544
1.3789501257159948
1.3791186773012678
1.3792094981421297
1.3792364595148843
1.3792703688285093
1.3792949496272742
1.3793303318916794
1.37947920736374
1.3794882457391788
1.379522376628744
1.3796334776611874
1.37969330253038
1.3797057203879737
1.379769615361235
1.3797819376553977
1.3800008892831295
1.3800244306515779
1.3802644046815435
1.380353585448824
1.3803725426828755
1.3804363211814648
1.3804696335212554
1.3805579198773053
1.3805782764707493
1.380604973207449
1.3806101454946516
1.3806577575929486
1.3807067503346881
1.3807266682225223
1.380743822070886
1.3807699651053078
1.3807829097706181
1.380827833617655
1.380945825028122
1.380984139469613
1.3811073633915947
1.3811250695840545
1.3811250695840545
1.3812266130778004
1.381279877927547
1.381279877927547
1.3813916191715279
1.381731306275479
1.3817845364923593
1.3820210453576527
1.3820496679098255
1.3821722219007158
1.3821833899044706
1.3822340050242143
1.3822579332944034
1.3822641902160946
1.3822674305712712
1.3822756033765478
1.3823398267347338
1.3824042486131467
1.3824059145730616
1.3825806131756022
1.3825806131756022
1.3826389905024579
1.3827039455626424
1.3828612443305264
1.383036887818136
1.383036887818136
1.3830382493203355
1.383152838797899
1.3832102374290844
1.383409367033918
1.3834973402150605
1.3836511791881603
1.383665169138346
1.3839493160628715
1.3841096201949987
1.3842973744556009
1.384308752924571
1.384326105960744
1.3845433822917925
1.3846806042312418
1.3849397633118
1.3849593372237494
1.3850983951717226
1.385319924833774
1.3853620282714194
1.3853665870768261
1.3853985700859033
1.3854873799744698
1.3857936273876965
1.3858177700497964
1.385879368745613
1.3859867572300568
1.3859921048914565
1.3860209651796613
1.386069937786521
1.3861190999349564
1.3861918200139718
1.386295307304094
1.3863676667317992
1.386393435192519
1.3864003263714155
1.3865861262922916
1.3866710268171556
1.386724896755431
1.3868067737553202
1.3868254501276798
1.3870002721603352
1.3870748475091843
1.3870748475091843
1.3873199899925386
1.3873412402840488
1.3874158816101354
1.3874246375267503
1.3874467086188624
1.3875085251143306
1.3876056694141667
1.3876572865481265
1.3876981410363187
1.387868728222617
1.3879152588892925
1.3885360329426188
1.3886549533871115
1.3886965717964361
1.3889227022436095
1.3890432013589977
1.3891183536160125
1.3891246598130353
1.389167960183554
1.3892592747231731
1.3892912963399908
1.389408699943305
1.3896444651485809
1.3896579453733333
1.3896579453733333
1.3899128841481205
1.389926179600749
1.3899545982479513
1.3900078259192519
1.3900400616146602
1.3900792282889562
1.3905198312268916
1.390561849388346
1.3906628817607214
1.3907500008067304
1.3910126476701568
1.3910805503984722
1.3912927474701438
1.3913157795987823
1.3913432091103068
1.3913432091103068
1.3913923087489877
1.3917215029468952
1.3919973782382717
1.3921564056929159
1.3922672295793084
1.39255639651997
1.3926320589979864
1.392703961621728
1.392703961621728
1.392798515324438
1.3928024688191394
1.3928936554262354
1.3930682113470445
1.3931921809129049
1.3932460255618306
1.3932957118291844
1.3933496824869596
1.3935945682785182
1.3937561203045767
1.3939099774744046
1.3940088784719844
1.3940646921327189
1.394082958305636
1.3942067627006962
1.3942793672354794
1.3943799028464452
1.3944930917208522
1.3946851739871926
1.3947689616750762
1.3948838396229606
1.3950383637557562
1.3950817445574117
1.3951189364663712
1.395200752215127
1.395510515110817
1.3955388891951206
1.3956347439609036
1.3958112914528553
1.3959671453241909
1.3959671453241909
1.3960612022696488
1.3960612022696488
1.3960890318649977
1.396222159525531
1.3964172964582444
1.3964678001091726
1.3968325947387323
1.3969204011438565
1.3970330646095224
1.3970494608097892
1.3971664343236363
1.397465311626101
1.3974940888181484
1.3976122992223412
1.3976267145739822
1.3979604139244224
1.398014970108061
1.3981015916901984
1.3981789495479133
1.3982430965848927
1.398245250818197
1.398322474805041
1.3983597622605843
1.398510793310802
1.3985975037966931
1.3986471476486788
1.3986534494842096
1.3986572099150123
1.3988164600266169
1.3989436911195214
1.3991179358543804
1.3991917928381525
1.399211219258098
1.3992569993552761
1.3993394024990913
1.3995698831714853
1.399570060465012
1.3997930201273037
1.3999270330304017
1.3999305921101737
1.3999546896515016
1.4001523169020744
1.4002659900832848
1.4005184899367302
1.400701416683873
1.400704041870125
1.400795035205555
1.4008989142489532
1.4011232696820546
1.4011358161863676
1.4012653184468837
1.4013519158302337
1.4014155114730575
1.401598863546293
1.401938044413271
1.4020538608602873
1.4020899193509597
1.4022641773152202
1.4024271431241886
1.4024619269268535
1.4026048648318952
1.4027137996563401
1.402822614434917
1.4028471382864431
1.4028528441074526
1.4029047294050654
1.4030349287304071
1.4033586275807304
1.403417562637449
1.4034315042750758
1.4034315042750758
1.4035712626932606
1.4038101170367605
1.403884898842948
1.4040859967609913
1.4041358772316748
1.4042399388108764
1.4043113000154488
1.4043582658126412
1.4043753381443334
1.4045018823770068
1.4045329804181281
1.4045329804181281
1.4047756077380866
1.40482568953315
1.4049819424306857
1.4051502636149655
1.4052854421960792
1.4053076403220084
1.4053549387828959
1.4053846972363542
1.4054620371200652
1.4054832624501572
1.4055156279022971
1.4057992818498517
1.4062317364473458
1.4063495946139564
1.4063495946139564
1.4066762496356693
1.4067465230995122
1.4069003685578076
1.4069003685578076
1.4070704794739173
1.4071283213453565
1.407209142692917
1.4072924927859514
1.4073273716016053
1.407363156121841
1.4077798128741135
1.4077904377252493
1.4079040985286697
1.4079686280184862
1.408038626297283
1.408269025219174
1.4082766204846946
1.4083219815031138
1.4083979711318841
1.4084358117891091
1.4085263981603497
1.4086373204238618
1.4087130236837007
1.4087888803096125
1.4089308690854687
1.40924130208049
1.409249802005593
1.4094111009064787
1.409444738290693
1.409471936928333
1.4095874714388859
1.4095922398002563
1.4099576120335235
1.410274133981291
1.4102828648258872
1.4102850528073871
1.4104583487046825
1.4106730371049978
1.4106882763075788
1.4106974740169353
1.4107029847069705
1.410703904050955
1.4108176070250622
1.410818826444927
1.4109582697378864
1.4110741702989735
1.411287027796801
1.4114022443156775
1.4114754898793678
1.4115772017940782
1.411698199977232
1.4117749787573182
1.4120092549224044
1.412080228889892
1.4121734102429702
1.4123059086740097
1.4123108885497346
1.4123774298253635
1.412398771203204
1.4124591467852223
1.4128542019749777
1.4128990340265712
1.413160176773775
1.4132223441286955
1.413251127212847
1.4134024991656478
1.4134194705737118
1.4135839336709506
1.4136703442014376
1.4137240068713464
1.4137240068713464
1.4138384394637509
1.4140579540895617
1.4142268551847073
1.4143387818077444
1.4144762514958578
1.4144959982626077
1.414900230898818
1.4149141119194661
1.4151000638193834
1.4152364164675302
1.415247099258097
1.415247099258097
1.4153073107095107
1.415312640417696
1.415463489326253
1.4154771369557713
1.4155062125402584
1.4155272892455208
1.4155861031587254
1.4156118352616818
1.4156403761663177
1.4157469173153443
1.4157571026496383
1.415769196352599
1.415774847434924
1.4158209798193402
1.4158560661951676
1.4159349927270217
1.4159775594947752
1.4161069362582177
1.416132644338917
1.4163011726439043
1.4164422366401779
1.4166370694658914
1.416787450749357
1.416813273584518
1.4168170628006949
1.4169405558165693
1.4172255729145906
1.4174004114008978
1.4174822556447155
1.4174982664047542
1.4177149178990944
1.4178277961032948
1.4178425288268979
1.4179141480899096
1.4179629991240574
1.4180440561285599
1.41804983396343
1.418067362370555
1.4180885468469804
1.4181527850444515
1.4182578315867045
1.4182644127356314
1.4183172070210988
1.4183669022566308
1.4183855582446143
1.4183868072865982
1.4183868072865982
1.4184175116212026
1.4184424251019874
1.4185126126183139
1.4185215477077562
1.4186123387291232
1.4186484484879518
1.4187098454798956
1.4188686070894703
1.4189522761292956
1.4190330069595836
1.4190486342186395
1.4190519096165655
1.419094267515664
1.4192472349908785
1.419401089205432
1.4194797872214673
1.4195098813505838
1.4195589260815196
1.419615524139521
1.419775250927415
1.4198052615521382
1.4198827778162753
1.4199066022109714
1.4199798834605575
1.420013646322427
1.4201044870517632
1.4201122740338235
1.4202948985550832
1.420349354066391
1.4203733448285223
1.4204101478886746
1.4204498088700972
1.4204531831435925
1.4204531831435925
1.4205267398831642
1.4205308104728154
1.42054511306986
1.4207654174350788
1.4208049900718995
1.4208197609798772
1.420881770159026
1.4211062925610227
1.421204843615996
1.4212408093831677
1.4212549138157402
1.421329243839094
1.421605211863614
1.4217932803244189
1.421842044598756
1.4218477160502505
1.421873023607413
1.4221194620129223
1.4221880319007987
1.4222227284009183
1.4223385897925418
1.4224476676206437
1.4225459991405025
1.4226712731366564
1.422688838464553
1.4227855340206925
1.4230068483138523
1.4232706313867207
1.4232860191851666
1.4233366952364281
1.423347850799388
1.4233752045675212
1.4236889164543243
1.4236942613709649
1.4237042650867675
1.4237740297381132
1.4237740297381132
1.4241778676398775
1.424280876023488
1.4243921179771948
1.4243921179771948
1.4248645697558127
1.424926643072166
1.4249335673212118
1.4249380923970965
1.4251809201261698
1.4251809201261698
1.4252790874501158
1.4252972878653243
1.4255018408820215
1.4255318281970846
1.4255880205037095
1.4257054337169657
1.4258384522151468
1.4258852193054345
1.4260430285952554
1.4260784096341343
1.4262501951635171
1.4263089333994805
1.4263452028561248
1.426413299979978
1.426419192573331
1.4265632681131306
1.426588236643948
1.4271666393576816
1.4272496585827124
1.4273446776940233
1.4273589635743
1.42749646212665
1.4277262520912315
1.42773565959748
1.427760687238265
1.4278280043923277
1.427838169477709
1.4278989234081454
1.4279392137058935
1.4280325011507422
1.4282168850172345
1.4282441193404904
1.428355929948481
1.4285369236725598
1.4286043635502899
1.4288385602797256
1.428934658697141
1.4289904387436407
1.4290412292674937
1.4291389286212162
1.4291464496405573
1.4291486298250518
1.4292702230347711
1.4293448819968142
1.429515644998736
1.4296021112955393
1.429687048779355
1.4297192659383577
1.4297507333284345
1.429787279289537
1.4299110897546896
1.4299110897546896
1.4300109540741526
1.4300859184470758
1.430138093541164
1.4303672672841816
1.4304201096049034
1.4305391741035047
1.4307249375796298
1.430924749329952
1.4311879089005997
1.4312122991226641
1.4312194318878264
1.4314455405638193
1.431528052631552
1.4315340870640823
1.4315681155745599
1.4320309346350861
1.4322702328378152
1.4323371704668069
1.4323371704668069
1.4323983999805128
1.432489900592359
1.432490617703754
1.4326544241936479
1.4328066658923981
1.433083554775509
1.4331293824700118
1.4331419518079647
1.4334092620602596
1.4334987807482724
1.433587140741492
1.4336102665189232
1.4338822052396698
1.4339218278513444
1.433924504931848
1.4340445739173877
1.4342687918328307
1.4342886194708255
1.434302972514327
1.4343150919804164
1.434346521706886
1.434436115301412
1.4346345596835184
1.4346686815924536
1.4346896107252838
1.4348653119437957
1.4351819326534516
1.435353534744021
1.4354389985515896
1.4354596206627865
1.4357508025409635
1.4357508025409635
1.4358393462100731
1.4358782405698889
1.4360274318457247
1.4360428625690493
1.436087663160127
1.4361583938120894
1.4363127289293196
1.4364010177435025
1.4364058282444283
1.4365565401771128
1.436622063728779
1.4368176126154268
1.4368628727964583
1.4370621259694365
1.437080555206949
1.4371282346046743
1.4377268767473212
1.437776100486679
1.4377860260562765
1.4378625706463413
1.4382215890241326
1.4382722468272076
1.4382961846564153
1.4383831642461045
1.4385533268245196
1.4385958381432586
1.4387591587185617
1.4387786665414908
1.4390440911917672
1.4391243072103126
1.439260213428421
1.4400005293194011
1.4400540982074417
1.440072990105161
1.4401941309953885
1.4402246041783757
1.440373382531258
1.4404826675149134
1.440693515350514
1.4406971114309033
1.4407696718608924
1.4409929139074722
1.4411974115721262
1.4412075219289004
1.4412519529979595
1.4412956932234036
1.4413625131040515
1.4415281547416317
1.4415572329532433
1.441599303570133
1.4416279123930962
1.4418765500560555
1.4418780373454423
1.4420233198190002
1.4420290208736843
1.4420886125576875
1.442120889456355
1.4421945551925803
1.4423622704549268
1.4423729465138069
1.442466581767802
1.442490884953502
1.4430640195402957
1.4431528101386792
1.4434051980184768
1.4435875316457103
1.4436396098898174
1.4437055536494445
1.44374363276348
1.4437658279272947
1.4440586521875904
1.4441091660077638
1.4441809829636056
1.4442788636857997
1.444469854105228
1.4447203857673938
1.444807752484812
1.445019035786407
1.4450553166215387
1.4451821953755
1.445361080480002
1.445361080480002
1.4453888743212495
1.4454460041040642
1.4456704530363063
1.4456731769533955
1.4457197594734885
1.4458852537625038
1.4459308155956632
1.446658207749234
1.446684964850565
1.4467523805643656
1.4468916990707121
1.4472153096036253
1.447315089121091
1.4475919979279095
1.4477782664382621
1.4478599846941045
1.4481497361154922
1.4485139570814902
1.448546892301461
1.4486056218678873
1.4486288387503614
1.4487841222034237
1.4488018113234165
1.4492962915477174
1.4494361607225303
1.4500072994594315
1.4502139085307297
1.4502863695629737
1.450615988275559
1.4506552888246003
1.4506581290249594
1.4507019490941635
1.4508310921816734
1.4509269225600048
1.4509988552650657
1.4512294039270188
1.4513533492080561
1.4515092115661834
1.4515991309044447
1.4518669589213171
1.4519670867554937
1.4522396357516105
1.452734466159083
1.4528120611239548
1.4529130626968663
1.4531175266889198
1.4531280604355545
1.4531617397027137
1.4534809806911455
1.4535247164277951
1.453533041902193
1.4538292513973752
1.4540282673221248
1.4540915611710563
1.454196576628988
1.454266441009735
1.45435602284858
1.454513000857012
1.4545448545667592
1.4546824045982094
1.4547698300108547
1.4549198072760836
1.455059621016659
1.4551639929342632
1.4551847393976656
1.455512489589585
1.4555680358597085
1.4556527811038105
1.4558671263162846
1.4560050537775595
1.4560452127638277
1.4560958442093987
1.4562027808053837
1.456240347012616
1.4562799714774164
1.4563220203747975
1.4564395011646394
1.4564696009645113
1.4566973652024577
1.4569209410200568
1.45695013317149
1.456966620950619
1.4570534974098819
1.457125061951562
1.457401141139638
1.4579805166819866
1.4581327689601797
1.4581949845998905
1.458276402975037
1.4583105762757596
1.458834133701742
1.459660995971626
1.4598338244661933
1.459963277426561
1.4601709621764967
1.4602503650695378
1.4603095342621173
1.4605554134074406
1.4606132958162694
1.4607631350320938
1.4608183681670428
1.4609877742514632
1.461093150665604
1.4612359034864877
1.4612757907350507
1.4616514976341461
1.4617704792298565
1.4633063318660873
1.463438093576528
1.4634573776279376
1.4636501579545451
1.4638518566713747
1.463949568871623
1.4641179734038716
1.4644859045498277
1.4646526827681448
1.4652327551072264
1.4653463181012265
1.4659689243182832
1.4662453251970307
1.4668502893813786
1.4673121195620649
1.4673235173175818
1.4674800656264135
1.467488019981292
1.467572086570934
1.4677396847479753
1.467832127572102
1.4683538670325866
1.468380809272587
1.4693428783420186
1.469481071295999
1.4699082988295455
1.4707730446712628
1.4709764227900453
1.4710414187206116
1.471422416987681
1.4714568456149464
1.4715521743658269
1.4718688582683557
1.471892940962706
1.472732036386441
1.4728703342558194
1.472919207419217
1.4731387340329747
1.4733339106691024
1.4734606750173154
1.4734857935940908
1.4739284577906222
1.4741184368621056
1.4743395842175864
1.4748716844525158
1.474914456107616
1.4749848279984505
1.4751624803157806
1.4754882040009614
1.4755408682820332
1.4761342165391629
1.476211231883491
1.4764677775409158
1.4764917322185338
1.4766916523065383
1.4771184919034888
1.4773258379981815
1.4773314765047845
1.477467038609616
1.477501594732672
1.477659921488755
1.4776928409740089
1.4776959835050134
1.4777009647852528
1.4777838931553833
1.4781631382328868
1.4784175966959845
1.478612126885455
1.4786913602833573
1.4787123099666173
1.4788479438823172
1.478854599642447
1.47891730992417
1.4790880414453964
1.4791757844040052
1.479381403587045
1.4796574904615274
1.4796964534896009
1.4799705860728913
1.4805006692535474
1.4805768194550102
1.480815071479997
1.4809741669242458
1.4815103789970379
1.4820751827899497
1.4822570498324177
1.4823391332307252
1.4823633065851973
1.482768564113941
1.4839886414792016
1.4842150148405875
1.4857167001677218
1.4861430610739883
1.4863793453605412
1.4874261134235118
1.4875306499247365
1.4882823502202087
1.4893726843334465
1.4899766367763112
1.4901182651080296
1.4905632965425848
1.4912711714264695
1.491487779933721
1.4916753804716663
1.4918791981721091
1.4919493340988739
1.4920499899470754
1.492395801793897
1.492420799055525
1.4925992689460899
1.492995068046701
1.493061259900759
1.4931228537706882
1.493246617285178
1.4933682908524928
1.4935622377271291
1.4935686485120987
1.493664337369606
1.4936935095107773
1.4937112611324903
1.4943318106731482
1.4946783728349242
1.4947505451135672
1.4948464712661522
1.495097586644182
1.495152841142074
1.495228368387207
1.4953330313841364
1.4955028703113853
1.4956010774704855
1.495829141377061
1.4962501914361113
1.496412081933076
1.4965066976383492
1.49686678488382
1.4984867373438617
1.4987046596804952
1.50045975684596
1.500817351122886
1.5008388861269608
1.5010409275831362
1.5018521315091857
1.5023739686708428
1.5038044787643594
1.504028522186648
1.5042961318449593
1.5047612744845709
1.5052873891045078
1.5053128791778476
1.5083198347296916
1.511442822212888
1.5116476167645458
1.5117190253194395
1.5163634596448075
1.5164036486242627
1.516404384388848
1.5515444568098702
1.553883138642891
1.5563361359496992
1.5578360272175087
1.563434662308091
1.569370054737193
1.5697661933969125
1.5753621458357494
1.5772899387338075
1.5782386782053965
1.5783897579186141
1.5794900195677208
1.5847085104732972
1.5856720277253697
1.5869679658658604
1.5882572957333612
1.588797133165793
1.588882690529572
1.5908751510092336
1.594669378340411
1.5965460798623692
1.5979400012800138
1.5982423446093432
1.598579471148799
1.5988616660963
1.5989457178151383
1.599184547048648
1.5999009438400902
1.6003493572415377
1.6005193040358945
1.6010916958391763
1.601141819373007
1.602096142306841
1.6029054456583616
1.6034926240035172
1.60386644599256
1.6041027772057028
1.6041219260495791
1.604558177180458
1.6049390922667903
1.6049574526933335
1.605105108454083
1.6056766989712912
1.607400545463
1.6077319320056813
1.6100442250811704
1.611702926565416
1.612381626839731
1.61359395666361
1.6136035231267432
1.613820745310492
1.61431429237045
1.6154542832306285
1.6158160867636784
1.6159562159467076
1.6173267740547013
1.6179255525863259
1.6185534522272704
1.618815427714079
1.6189771180812473
1.6192539549897789
1.6192999870883578
1.6193947476288388
1.619412753292197
1.6198490097442004
1.6200849431072537
1.6203618998660185
1.6212787879941954
1.6213904306197109
1.6215730870000704
1.6220406759409225
1.6221645618850125
1.6224012728263566
1.6232614374481011
1.6237537205402792
1.6239344145691503
1.6243701502129528
1.624581938463725
1.624658874078376
1.6255103620480926
1.625571367587035
1.626510879948697
1.6267160810909869
1.6267410037356647
1.6275961254791083
1.6276038961987889
1.628223338984394
1.630088110494773
1.6304868399912151
1.6312422035926515
1.6313824442669824
1.631816381334737
1.6320452838689143
1.6322203613741644
1.6330176873713962
1.6335069100634845
1.633767060925972
1.6348137432161782
1.6353469733627657
1.6355012810033607
1.6355503905563709
1.6359071335943356
1.6369070131433423
1.6371813705969227
1.6376458742207933
1.6376483261795456
1.6382430831549444
1.6396062358837762
1.6396747770986713
1.6396984291669505
1.639739886895587
1.6412083401267221
1.6420634747631901
1.6424974558065346
1.6441363200582282
1.6444131148127819
1.6445546645224245
1.6460188261800632
1.6475377420881916
1.64779130437279
1.6482312786851787
1.648727281835177
1.651069200410492
1.6513896682227827
1.6532632782801873
1.6546696732126873
1.657786492340552
1.6578909359792495
1.6589523291315404
1.6598713410124726
1.660581478969775
1.6609510953638722
1.661185210984313
1.6620984058019075
1.6626207639748753
1.6633936726929697
1.6635296242709299
1.6649554030862785
1.6650822148048123
1.6654480275503178
1.666333259789243
1.6664139381556529
1.6668530497171707
1.6668653518634324
1.6672719311726862
1.6681826460684872
1.6692318063796792
1.6700316263921036
1.6703285533159498
1.6709237648696555
1.6710472322664265
1.671329574750887
1.6722141172306277
1.674956801035524
1.675327266081043
1.6755753802879982
1.6764920689803533
1.6788856186954928
1.678961208660597
1.6794699215986928
1.6801123063994285
1.6821062453142466
1.6826872381719356
1.6861369917768785
1.6867328672270652
1.6868701110271442
1.6869794434463183
1.687183361285174
1.6879387193588538
1.6887903045829193
1.689709601987283
1.6919051122852593
1.692858936593954
1.6935574683611032
1.6936866631357825
1.6939479106552116
1.6943335990530297
1.6945422910441896
1.6949494578178912
1.694972370710266
1.6952987016714298
1.6954896516945617
1.6968550670233742
1.6970807324900778
1.6973675378879212
1.6975479453519897
1.6976037266103876
1.6979196447448375
1.6983561129534026
1.6987781472755312
1.6998325059461807
1.700056857433951
1.7015230098401752
1.7015750182542324
1.7016848868119379
1.7016871387618868
1.7021304566675128
1.703658728019792
1.704951106802032
1.7066725403171288
1.706689063181568
1.7084361457181514
1.7093601517165102
1.7109046121876188
1.712036125900022
1.713214947838489
1.7133107271349015
1.7133845928526534
1.7134578752297396
1.7136741016388095
1.7138035188496794
1.715151047081555
1.7155893967035898
1.71735870709762
1.7173865738152962
1.7173943019859597
1.717437259055236
1.7197037016533885
1.7197954476152164
1.719827219372921
1.7199762405311834
1.7200166864328514
1.720294032344857
1.7205689009766594
1.720620445906193
1.7218445143236643
1.722636337712197
1.7233866381829068
1.7235765243664525
1.7235773408400945
1.723853924164797
1.7250631688154243
1.7266015277261901
1.7267649868964952
1.727253847499045
1.7275407595695178
1.7286212075604586
1.7286597659827871
1.7296776292359737
1.7302518521823738
1.7305142271994938
1.731731478242665
1.7338830932824867
1.7367601590528945
1.737202786903568
1.7393870909647364
1.749210987382458
1.7544627656604932
1.7545658544537521
1.7552538505099646
1.7553638656556951
1.756944922283998
1.759649947478998
1.759680269540691
1.7601978676339096
1.7620212674091242
1.7620518743830396
1.762616554186373
1.7647879575872327
1.7648905936301402
1.7652706834775003
1.7672516193238665
1.7680777562222414
1.7690747974959573
1.7692274111024877
1.770600550324373
1.771988099237752
1.7723920042670802
1.7732361865911805
1.7742729221741382
1.7754829760989772
1.7781236766160846
1.7785537715904018
1.7806146650511103
1.7870711194338624
1.7879266126145483
1.788127097700326
1.7893505962760772
1.7896347052962978
1.7897916146166395
1.7938492025119475
1.7939812121859002
1.7951759726436465
1.7952479027199177
1.7953918004233742
1.7954772002173442
1.795626918937899
1.7961244922547963
1.7962365445257473
1.797366204228896
1.7973806276230737
1.797503872452741
1.7984145236724391
1.8000314821048675
1.8012069202597911
1.8015645059537964
1.8019440633373336
1.8021106883366096
1.8023913798893094
1.8029734193024807
1.803645224102369
1.8043944169220532
1.8075625459354938
1.8082282400975402
1.809045777283644
1.809294265386476
1.8096969653421022
1.8099523195329834
1.810029211336187
1.8112699112001747
1.8113662255628553
1.811793812826794
1.8150921696398459
1.8155486287432647
1.8157735570566733
1.8164198626500931
1.8167145674115133
1.8188043011169048
1.825765012356472
1.8262752664240665
1.8269871204478434
1.8271610831587086
1.827452099637746
1.8275482110668404
1.8287496477646172
1.8287496477646172
1.8305581430032325
1.8305581430032325
1.8313082737417943
1.8313082737417943
1.832055306408122
1.832055306408122
1.8330239826283388
1.8330239826283388
1.833753345967011
1.833965973707696
1.834560700432262
1.834560700432262
1.8353194526781103
1.835778713944905
1.8368247055161866
1.8368247055161866
1.83716901289745
1.83716901289745
1.837859534902512
1.837859534902512
1.8379548691380145
1.8379548691380145
1.83804461647939
1.83804461647939
1.8392166681371795
1.8392166681371795
1.8392531745114837
1.8392531745114837
1.8400127774507515
1.8400127774507515
1.8411014726528407
1.8412025425257836
1.8415897114245776
1.8416859266603098
1.8421256638939598
1.8446818327919017
1.8446818327919017
1.8450279756937684
1.8450279756937684
1.8454617650444243
1.845886827690179
1.845886827690179
1.8467763826867212
1.8467763826867212
1.847315904810932
1.8484235792910666
1.8484235792910666
1.8485175572092767
1.8486003174895103
1.8486003174895103
1.848604018211772
1.848604018211772
1.8488367937734
1.8499443940352072
1.850099720398699
1.850099720398699
1.8502827129798836
1.8502827129798836
1.8502937578339955
1.850695610782203
1.8507411711820039
1.8507411711820039
1.851184544467516
1.851184544467516
1.8514354383619183
1.8514354383619183
1.852732776488284
1.852732776488284
1.8541453106910692
1.8541453106910692
1.8544439102155843
1.8544439102155843
1.8549629842011193
1.8549629842011193
1.8561295069846269
1.8561731695210326
1.8561731695210326
1.8565623605953563
1.8565623605953563
1.856656076110937
1.856656076110937
1.856859557667966
1.856859557667966
1.8572753837785836
1.8574683972811343
1.8596908012738795
1.8596908012738795
1.8614067771775975
1.8614067771775975
1.862392562827914
1.862392562827914
1.862617253894156
1.862617253894156
1.8629592446928869
1.8632604596362226
1.8632604596362226
1.8635796128855817
1.8635796128855817
1.864216802409062
1.864216802409062
1.86552234772253
1.86552234772253
1.865880173553461
1.865880173553461
1.8724454123126977
1.8724454123126977
1.8749661518965943
1.8749661518965943
1.8765500207671908
1.8765500207671908
1.8880283027545934
1.8883779104705884
1.8886520048722413
1.8925768034974246
1.8945236649514192
1.9006755111911684
1.9017664895471271
1.9066528463719372
1.9301757099878185
1.9312602277481927
1.9353393096110416
1.9385088129513146
1.9396978924413837
1.9408657071195001
1.9414743982354252
1.9446009265368571
1.9463564063165475
1.9555286160590988
1.9566689028469944
1.9585746363339005
1.9595916855461863
1.9596422347664615
1.9602199960491715
1.9613925180025145
1.9621877714603508
1.9634525101469704
1.9664213943114652
1.9668377060360576
1.9713429332626542
1.975061447226687
1.9758925823162647
1.9759502354309098
1.9766777122934913
1.9782620329262255
1.979399412559706
1.979765285818969
1.980006697462154
1.9803379815294369
1.9805793699708951
1.9806980911009784
1.9810981445563713
1.9811744503204471
1.9812183719801622
1.982373744730823
1.9829151871223996
1.9843802589310184
1.9847031588326065
1.985610701403548
1.986277221297638
1.986296071061129
1.9879201712813326
1.988434287777107
1.9892698291286135
1.9929691349492455
1.9945524510615837
1.9955132528749735
1.9955593546846524
1.9964605266971152
1.9980920852992479
1.9981743997488255
1.998788241725545
2.0010425518467416
2.001502157440331
2.0019173493700584
2.002642986100053
2.0048504125294975
2.006479345764394
2.0070506495192415
2.007334346069796
2.008287792995347
2.0083899056239773
2.0084475651721987
2.009858995370356
2.0107773045956083
2.013274664128607
2.0146628165577054
2.014998953916403
2.0152204093749857
2.015646032722883
2.0158138683948303
2.0161271762169757
2.0165301022676494
2.0177463641970275
2.0183474463673607
2.019366442312247
2.019366442312247
2.019691736224722
2.0197796125254794
2.0202782631898146
2.021074727515996
2.021824131882236
2.022375648854208
2.0251066351674774
2.0276043264091106
2.028017357972249
2.0298522977869125
2.0316136705320647
2.0316136705320647
2.0320470013580882
2.034219524961693
2.0344026014956427
2.0366528256164176
2.0383703746934128
2.0386810627051863
2.0386998919027826
2.0395023287292657
2.0396639040956255
2.04013262254199
2.040715749369662
2.0410861102603537
2.0414446398946984
2.0417202151065044
2.0425174945897684
2.042852491384242
2.0443358732705206
2.044827396358614
2.04518248108307
2.045347268831723
2.0456280563864855
2.046498737776281
2.047258611662144
2.0473989293876795
2.0512899875188673
2.0522573431350386
2.052687258191612
2.053234130362144
2.0537835903736656
2.053853102624429
2.055788628385636
2.0589739353575145
2.0590887268431226
2.0600409486129774
2.060341308361962
2.0607161654274613
2.0615342175373943
2.0617357448592584
2.062168178820497
2.0623322578068626
2.062590450166503
2.062590450166503
2.0631317967574385
2.065311829024593
2.0668650881082558
2.0670186393810503
2.067083384032431
2.0671034242070228
2.06730476232475
2.069351812653593
2.0723757590493466
2.074405829211491
2.0750335003896447
2.077227562667582
2.0783085104531054
2.0802007023339875
2.0802838981977896
2.0813750394786674
2.0822264925755523
2.0851005709510315
2.085712837262565
2.087198083733917
2.087639421550502
2.088744156504319
2.089038126375559
2.0890771888734694
2.0904909124426116
2.0917660113832457
2.0920266078045966
2.1035176155168487
2.104145819769365
2.105306119642127
2.1070988817786196
2.1071684479128443
2.1081983497689203
2.108298275858967
2.10903733839271
2.1093341300782718
2.1097719890326347
2.1123292229090915
2.113873109776283
2.116259117028798
2.1167602875235114
2.1178915538252423
2.118545909352476
2.1194661791174476
2.125132458056179
2.1359328875715113
2.1380738038454847
2.1407420115411586
2.1436185324139445
2.1461824192993593
2.146749814280659
2.1482106317985914
2.151272918596367
2.16137797402635
2.165291775274859
2.166439050574018
2.1671851334577843
2.168299051897699
2.168471118303581
2.1687721975000014
2.169168684241438
2.169272806004626
2.1709527114025695
2.1715061452798903
2.1723150416927672
2.1724900969458103
2.1755606690460154
2.2033573879934476
2.2113581828498634
2.220666534448868
2.224764236819776
2.225009171577223
2.226919508933699
2.22857847115747
2.2312040608006276
2.232248066305047
2.2327048511182523
2.2348173738090806
2.235277012023944
2.2463752141509787
2.2483209412028047
2.2498939383796253
2.24993632487539
2.2506655656777768
2.2509370206765857
2.250953336104047
2.261136009130028
2.287847202364403
2.2882986484314434
2.2958006829140385
2.299153735930301
2.3020659454073975
2.303322857273485
2.3040085368897505
2.3049588934991077
2.3082565297013526
2.3112337003486405
2.3161815586279615
2.3187166347742596
2.322116173107858
2.3257670179330656
2.3265580588501518
2.3296647216831423
2.331863170983563
2.331908987462039
2.333380732206931
2.3364953283980543
2.3370904924987617
2.3452177700909185
2.4061894942408757
2.4224712643616604
2.4236337544623945
2.4253966489685457
2.4276132837182383
2.428504278733559
2.429124355710918
2.4300072494322125
2.4300127636149518
2.430023322831601
2.430593024971223
2.4306920852034075
2.43092508176663
2.4320916698369626
2.43227858890486
2.432342921258684
2.4328284040769543
2.433818913868176
2.433848976231509
2.4342745125185883
2.434421775995046
2.4344580787050814
2.43471279282972
2.4351349385830066
2.435155316888255
2.435648526097479
2.4362887264020845
2.4373128085642404
2.4378480480979907
2.4381900897991255
2.4382331958421046
2.438785651388738
2.438965048415341
2.4389714290145044
2.4390126065710787
2.439612556556601
2.4398448228198877
2.44099572809064
2.441154848091373
2.4416491934661098
2.442950687439971
2.44297874926739
2.44348011261789
2.443515220863796
2.443831910390936
2.444135407568886
2.4441954461154807
2.4445572787593983
2.4461443228788444
2.4468814295385206
2.4473257348799238
2.4473668644045934
2.4479062348005134
2.451244826084572
2.4514999423848023
2.453766559651431
2.4553278893501282
2.455542036796196
2.4580057040021304
2.4586740820952766
2.459744049575211
2.4599245681615387
2.4602133368737755
2.4619899675214287
2.4626884080494187
2.4627029874938082
2.4632658818417386
2.4638660242839205
2.464249840157527
2.464762443069756
2.464938588115941
2.4658765840263395
2.4671285387002695
2.4677677773019675
2.4678574707941796
2.4681153691475304
2.4689979141255685
2.4692489235228976
2.4695456402245233
2.4708110052229135
2.470944999723684
2.471144122720898
2.4717402710506917
2.47217739427467
2.472328972096015
2.4726440421847706
2.47279800718095
2.4731314901367076
2.4731314901367076
2.4733435031505713
2.473544939269191
2.47502620146669
2.4753582636086158
2.476020971163362
2.4763837690010515
2.476604682140298
2.4771542586283886
2.477231511580069
2.4788113365241164
2.479900623408598
2.480240676208363
2.4804097871752364
2.480508124867471
2.4809470950542494
2.4817147790147027
2.481946942771439
2.483679714498984
2.484416727748231
2.488207404271973
2.4886229461185305
2.491367703450828
2.4916224510459335
2.4924867969442
2.492773436893155
2.494103173125518
2.4942087299369002
2.494414670272232
2.49448408171869
2.4947979676056735
2.495800441650511
2.496092827537102
2.4964551477082337
2.4965359202450776
2.496613019368842
2.4966366869923036
2.497207556314405
2.49756612021048
2.4977536951883748
2.497939214421187
2.4983470680608786
2.4989886329861477
2.499225983871729
2.4992729318101055
2.4993840272037944
2.499813170647362
2.5011778980307247
2.501396070665876
2.5017802148135457
2.501912621054361
2.5021228228173507
2.5030762411764433
2.50329258824473
2.5032986689623336
2.5038480423312373
2.5048099856386683
2.505133520303274
2.505403982829048
2.505618661378772
2.506401927711736
2.506453760278235
2.5066688274288977
2.507209138703338
2.5073816702807235
2.507403507324189
2.5074243401282588
2.507424526235681
2.507726223832414
2.5079552478191576
2.5079797210008756
2.5080785912170693
2.5080785912170693
2.5081908586445354
2.508334584745927
2.5083678759899524
2.5083858959590986
2.5084185962206402
2.5084278294505387
2.508468363080874
2.509031058964569
2.5093819164511753
2.5095184480377157
2.510878845965128
2.5109327336725222
2.5109536937087826
2.5110037948421686
2.511197226894804
2.5119813669897897
2.5120314960696195
2.5121787708826964
2.512275626742254
2.512705758514775
2.5130110833561266
2.5132132086341343
2.513286706990007
2.5134809692314253
2.5135195069953724
2.514115689930107
2.514456755457656
2.515312821046549
2.515321180896202
2.5155210494089233
2.515711466783374
2.515714151010175
2.515915622657643
2.5166116883955536
2.516620190940114
2.516676342285296
2.5166896617202905
2.5168901435067843
2.516993720541869
2.517298944745202
2.5174940509452464
2.517551455751475
2.517596240458261
2.5176584505935065
2.5178583192663
2.5180987326152104
2.5183352641719496
2.518498129190251
2.5187590336625325
2.5190056387275312
2.5190130836845395
2.5191163407096697
2.520128505021486
2.5206087788143314
2.520729159775913
2.520906495539724
2.52146219013907
2.5215383231583823
2.521655223550014
2.521764564651149
2.522532241276854
2.522587843049239
2.522611605782243
2.522757860849529
2.523011364116098
2.5240206009517645
2.524217760809847
2.5242605266204867
2.524458527880608
2.5246543460583797
2.524845622282827
2.527397928779882
2.5275335627859237
2.5275939854973277
2.5294730109954995
2.5297242189899327
2.5301946945338547
2.530223639711802
2.5303379478444095
2.530406679253414
2.530537005233873
2.530724772139367
2.531258183270339
2.5318488912204944
2.5318864485412154
2.5321017403858757
2.532155971596789
2.532280306605826
2.5323578779896176
2.53236181795642
2.532444207573057
2.5326369887383913
2.5327284762848525
2.533070823456405
2.5332755888426517
2.5333839032047076
2.5338561625127216
2.533877989881201
2.534319826942102
2.534559025715695
2.5346251374448543
2.535200906909618
2.535562813560823
2.535609839586213
2.535929927393583
2.535984524761148
2.5366209320263273
2.5366582644215665
2.537069246819197
2.537238556451933
2.5372553402966913
2.5378653358128322
2.5378988137201146
2.538003124844389
2.5383386951409794
2.5388841274079623
2.5389220877608665
2.539154727190416
2.5392749075808427
2.539377781692882
2.5396094849532314
2.539616324245675
2.53970136766845
2.5399170376808886
2.5402372463410385
2.540254158945059
2.540395178078793
2.540635147112858
2.5406562784629005
2.5409048434895043
2.5412705109383014
2.5414452444456335
2.5414955961832857
2.541536854832182
2.5415738348169894
2.5415959457108728
2.54176682536488
2.5420246809496443
2.5421670597915726
2.542395149127585
2.5425189746341985
2.5428565346002907
2.5430390850567166
2.543618104390121
2.5439558088452525
2.5441802753963985
2.5442604364452617
2.5444875920551775
2.5447284422023473
2.54497782681015
2.5450739619497247
2.5451422500240244
2.5452423413930605
2.545593621145888
2.5456570962225262
2.5459351898747165
2.5459689712761646
2.546087222295358
2.5461113165228704
2.54622076256689
2.546418208243879
2.546491456644717
2.5465588092868137
2.546665458161982
2.5467625479824605
2.546942677575991
2.5470472579941976
2.5472562797918816
2.5472859093978406
2.5473664553945214
2.5475211019481363
2.5477749199211863
2.5477912161809635
2.547912080219388
2.5480201792413593
2.5480483207945572
2.5480621691683014
2.5482053946859446
2.5483881214518407
2.54856127151483
2.5487561380277004
2.5490861894454553
2.5491223845131303
2.54934642431291
2.5493509118059787
2.549411971475557
2.549507882638482
2.549638914417101
2.549821909520035
2.549845075328451
2.5498815857326473
2.5501984370018254
2.550248033466273
2.5503285514712304
2.55051659921601
2.5508793929045326
2.550893767605354
2.551118934638404
2.5515757087156
2.5515826613350305
2.5516710779195497
2.5518605167407675
2.552027389001769
2.5522917404695686
2.552699120366756
2.552717474055113
2.552721672171787
2.5527635733927734
2.552965253612276
2.5530301798135424
2.5532745523600373
2.5535636057908855
2.5536675932088513
2.553707044371355
2.5539635147744573
2.5541235778297193
2.554286332654782
2.5545618882828696
2.555192947071628
2.5553009932998045
2.555316745806922
2.555426526352697
2.5554449404226363
2.555610025348348
2.5556263762772997
2.555876488662272
2.5559654289675335
2.5561014095858012
2.556134507347242
2.5561436750135536
2.5561441548082087
2.5562543161569526
2.556579292700215
2.5566268656102324
2.556710562708136
2.5568440966355053
2.5569281810329487
2.556961626316303
2.5570303543662214
2.557132571807208
2.5574026318646053
2.557429659220295
2.5575423187468744
2.5576343352652464
2.5579457619805543
2.55803531668342
2.5580521016973803
2.5583256782912267
2.558330764283182
2.5590204467493884
2.5591001212606956
2.559100635705154
2.5599154470225383
2.559924120689098
2.5600551016388318
2.5605311570927576
2.560584905525485
2.5622568973700344
2.5624531038257325
2.5627366771978637
2.562817180571001
2.5628826885208422
2.5629137428320568
2.5631812632003954
2.5633562698227146
2.5634626576629564
2.5635320500162284
2.563750480822382
2.5639071367957547
2.56397479026946
2.5640344989895096
2.564115138778745
2.5641317298773636
2.5641554242663043
2.5645380985571165
2.5649616374104545
2.565105195174644
2.565415873200429
2.5655789713496855
2.565868360506014
2.5659783907040876
2.565993630219375
2.5660189423457544
2.566129657152094
2.5663152707414043
2.5664040639193484
2.566765003714458
2.566767835190717
2.5668476532865467
2.566894721446482
2.5669707170251854
2.5670500608701317
2.5670818086479543
2.5673743527410537
2.5674944947632596
2.5675924120545974
2.5679556884075305
2.568147280414435
2.5682405939443043
2.568288267156023
2.5683146266108428
2.5685924773198296
2.568680442953267
2.5687549718863614
2.5688354006350345
2.5690672195031063
2.569113616230758
2.5691383813049087
2.5694812893827508
2.569619777661795
2.569751075451953
2.5698001829484607
2.570208548903388
2.570928686100996
2.5709358485745577
2.5709698514753803
2.571072874366856
2.5710867303684513
2.5720119659827176
2.5728663130494764
2.572949490857277
2.573213693499739
2.5734533190270383
2.573466963040002
2.573672966930644
2.5736803164894906
2.5740132145987578
2.574186715110485
2.5743488926128877
2.574354213534178
2.574401634869509
2.574652443968939
2.5746592545185667
2.574909780504642
2.5749100634846736
2.574955403709839
2.575067751665631
2.5750874674221156
2.575353167487231
2.575657147440675
2.5759061870295765
2.5760617320217287
2.5761099231273903
2.5761317624468405
2.576412178737803
2.576498548656191
2.5769237277510744
2.577304600704751
2.5773342702920274
2.5773727320226074
2.577753530630936
2.577981368442595
2.5780791232538838
2.578486419373548
2.5791616548512986
2.579245044236763
2.5795302149190276
2.5799809280144257
2.5801325193298035
2.580200954105958
2.5804563141179817
2.580556763423482
2.5808342202801335
2.581058600481448
2.5815401055744642
2.58188230758091
2.5819397479878234
2.5825401569219775
2.5825897385258734
2.5828694139981674
2.582883489923048
2.5830692423688135
2.5835820035462382
2.583779255733247
2.5838766936249145
2.5839153169583313
2.5842823570244557
2.5844502914980727
2.5845993186501244
2.5850003485900284
2.5852490752120394
2.585451116446832
2.5854545233764936
2.5855186401596315
2.585827751551228
2.5859157453720263
2.5860770035765643
2.5862136871132466
2.586442817230781
2.5866167377796474
2.586947870204086
2.587150879935511
2.5874827636327002
2.587863606240584
2.587911018249252
2.5879656787513103
2.588045703039743
2.5883862965015725
2.58863626442747
2.588744910537299
2.5888759491660656
2.589250529926327
2.5908693130620177
2.5910937725276937
2.5919703200157103
2.5921919672725036
2.592340187886163
2.5925810888439678
2.5929043103919076
2.5932792448821327
2.5933177779478607
2.5935124223170494
2.5935772570962055
2.5937384490507363
2.594572458376977
2.5951440541905106
2.5952407113255442
2.5953203666448634
2.595526956090178
2.5957564396800916
2.5960885447065936
2.596950943962208
2.5969733347597814
2.5973119300797967
2.597901192829476
2.598244705817007
2.5983785223375113
2.598594305641225
2.598663596491834
2.5989119302975423
2.5993062895284815
2.599494662705088
2.5999674445604906
2.600389174509224
2.6005326924653325
2.6006284505215302
2.600776766737661
2.6020320881852124
2.6024202334396342
2.602756003227927
2.6031759530795338
2.6036278774995103
2.6036638406461328
2.604112987568149
2.604128976654073
2.6042832724058695
2.6047074148725624
2.606156573330396
2.606210170587394
2.606257028816649
2.6063880686206318
2.606536152917816
2.606969935404825
2.6071242039396387
2.607340663463251
2.607351226271202
2.607554883309317
2.607701895590963
2.6079188055832003
2.6081387793753943
2.608254315473662
2.608275159259544
2.6093352437523922
2.6096289101986856
2.610159148441665
2.610604433101718
2.6109499586958833
2.6126650295753553
2.6131384915210685
2.613219953304708
2.6134912420902014
2.6138035007068967
2.6148693285053044
2.615256069363398
2.6156375554583673
2.6157233471415697
2.615760873215474
2.6158631799831693
2.617097762626381
2.617107524631886
2.617430518147003
2.617431853579319
2.6174721259183276
2.6175611030076293
2.617960238216072
2.618069849744276
2.619222470187762
2.6194839626503272
2.6206646113563656
2.6207540704242067
2.621571255036969
2.622026625032412
2.6222217591643537
2.6222527728125082
2.622850234799048
2.623014543826468
2.62384277305637
2.624073205966737
2.624721861288424
2.6248914376017987
2.6250341361632286
2.6252306395560487
2.625250063399245
2.625462960494465
2.6257376308751885
2.6257771088631485
2.6265243772630718
2.627397102833386
2.627696630139158
2.629810024704383
2.6301098677147436
2.6304123557346983
2.6308398490006604
2.631502846469251
2.6325748625591094
2.6327005852497667
2.6328351778919252
2.633037574970813
2.6332724731055945
2.6334105074963405
2.633557472292563
2.633643926942939
2.635071225879683
2.63554689803055
2.636495404550559
2.637369707478215
2.6383060040005257
2.639023917130469
2.642158996898569
2.644626315194309
2.645490185541644
2.647613722208259
2.649011500696307
2.6490729572221734
2.6496769611567004
2.6497126607343273
2.6514447486594537
2.651658467573301
2.6523283417893158
2.652490931585125
2.6540640613914244
2.6541428343766253
2.6547851779696354
2.657271686872072
2.6578647627693
2.6584536563230676
2.658602947548797
2.6592547010677428
2.6592902306357886
2.663543405228831
2.6643097416073007
2.6643956752771065
2.6648125220945413
2.66852701209784
2.6697299876931773
2.6712228569177543
2.6714630998120152
2.672275183819322
2.6723237299610423
2.6724861370501687
2.6726753281638187
2.6727749946742594
2.674016745434515
2.674068170665959
2.6744423661636056
2.6746949660310264
2.6748858189337947
2.6752573849382837
2.675767496711393
2.676050915921004
2.6768144478277667
2.677329960929847
2.6774093426341974
2.678077110895462
2.678282720790091
2.678376139624725
2.6791179574756123
2.6795480273950716
2.6805329646312486
2.6819196790802926
2.682437197392797
2.6825108959746786
2.6840182494648426
2.6841010201239617
2.6842388761678313
2.6846828365004853
2.685052028530656
2.6851784252584427
2.685706739466303
2.685895964782222
2.6864407186503887
2.688207329919806
2.6883449033697286
2.6884168205332366
2.6887624641122234
2.6894831570009425
2.6895204478024604
2.690622436769719
2.6913399022697515
2.691761677493939
2.692419114700064
2.692489854095116
2.692519920298306
2.6931983844865117
2.6951956456168706
2.6965734380076936
2.697936825595025
2.698777552064367
2.6993865393128695
2.699800820369806
2.701172271173184
2.702765064752397
2.702879400562492
2.703200002156934
2.7038555234775017
2.7041364262461745
2.7055806383749013
2.7057210087118464
2.7080489179029663
2.7082755562177745
2.7086415937648276
2.7088539341489875
2.709675085091371
2.712764304613092
2.7140256080177765
2.7159298344387124
2.7172926466483855
2.717611420854145
2.7176283368679512
2.718373211322341
2.719098054682137
2.7194006035780363
2.7202273760685007
2.720431592404048
2.720550543375314
2.720673776554931
2.7212246534219617
2.721257606567732
2.7231709010486833
2.723975027103649
2.724086302647756
2.726246946430524
2.7274589099493665
2.7280395218419584
2.728139441561855
2.7288126415637355
2.7291725330451415
2.729303015226253
2.7304507885335467
2.7308915487494745
2.7319026821168686
2.732127505226987
2.732486439276764
2.7327380611047327
2.734789919460783
2.7351533395413163
2.7359424471630494
2.736739880802902
2.7391250482462692
2.739525593397177
2.7397907511799113
2.740145084739023
2.743105592830946
2.7432049389453406
2.7432404126898944
2.7438139738312133
2.7443610861587273
2.7450336822980006
2.7475219688651267
2.7479287754402866
2.7485457607159645
2.749308493273821
2.7502193873177467
2.7508255016747785
2.751529769021517
2.751662115812816
2.7517878213183873
2.752357458200014
2.752390748867832
2.7529833952531257
2.7533752545724015
2.753652459678055
2.7536568042012055
2.753794409422411
2.754027102004158
2.7542488324104664
2.754383359000376
2.7545275115730483
2.7545906604805226
2.754864392649397
2.7557683112797133
2.75621912942762
2.7565264518696266
2.756533135282207
2.758574743194099
2.7591775614258003
2.7604441980604824
2.760726151030293
2.7615373664838425
2.7621647389778063
2.762292846051032
2.762877655377344
2.76313088933702
2.765066777511368
2.7664706248330213
2.7668048526201248
2.768705552750778
2.768727915306374
2.7692474448325237
2.771022466917225
2.7719015499319672
2.7726538302255883
2.7729309854761386
2.7761256469348825
2.7791643242025876
2.7808433127675327
2.782152286453287
2.783290631990197
2.7847016519902925
2.7867661200705913
2.78685244010675
2.787452227908835
2.787897802869748
2.7886899347891885
2.790024992337721
2.7900857236719983
2.7903477905454137
2.7909896144831436
2.7918475978270285
2.793251115079958
2.795975087846811
2.7990271652213656
2.8004985083632015
2.802034335004549
2.8062246332609457
2.80876703957947
2.8091081058613527
2.8107742463399723
2.811679011162983
2.8178528440802775
2.8192203057453056
2.8192403956675096
2.8207426960069863
2.8228206562201668
2.8274264598118037
2.8362257880544863
2.836951354808626
2.8412502298351328
2.8428995032354294
2.8449671809974135
2.84531652961182
2.845546324179512
2.847692346886557
2.8516116108909983
2.8678997739648455
2.8739666201870935
2.8739803548613176
2.8795063483211942
2.8812857375762255
2.881610122780405
2.886022231603424
2.886806462873814
2.89634992490686
2.8975728007948396
2.9043044900009267
2.907642218942492
2.9133272571361126
2.915051772900828
2.934796375847237
2.940465424364183
2.9528287271597815
2.9644336506562685
2.9651565838763267
2.9805263733310756
2.9893265136337095
2.9904606302042165
2.99843990220585
2.9986231239202756
2.9998736136567126
3.0037273284429427
3.0099854973104416
3.0201075279633227
3.0255108185812745
3.031165626811189
3.0317749583172713
3.0329276616054175
3.036845339233377
3.039050809369047
3.042372088301147
3.0443493352065865
3.044393121773739
3.0446559833700078
3.046227673985724
3.049841878151153
3.053340764250454
3.053376330749184
3.054091395996729
3.0569306015703046
3.06094264337518
3.064422140604333
3.0664068373294335
3.074537858035357
3.075911052608368
3.076158526184986
3.08554226745665
3.0872739559503644
3.088314601016625
3.0962092574926188
3.173520722150879
3.1743933196999854
3.1786002559988966
3.1789890184136995
3.17928029673211
3.1795205274679006
3.194808645446469
3.2014960587380776
3.2020754962092908
3.2026346248149897
3.2033596775272275
3.2039708581509823
3.2040880115818275
3.204642587668991
3.204846656234004
3.2050464338348945
3.2051965594165437
3.205316956929926
3.205710988718869
3.206030602566279
3.2061031212365676
3.206360412340578
3.2069355832905475
3.20773366442397
3.2082631640244488
3.208385814267781
3.208999775586938
3.2091516422260375
3.2091714792138437
3.2095703171965546
3.2096379361433276
3.2096961038401655
3.21004990368194
3.210472040185179
3.210487606863503
3.2160175688707517
3.2369328366347263
3.236950175619279
3.239567602008158
3.239715065036324
3.2399703589655875
3.240007919751594
3.2402692748688042
3.2403780570587664
3.240972501835928
3.241010435940843
3.241271334194088
3.241288401470933
3.241343491870382
3.2416903076404955
3.2421237202620494
3.242425392282006
3.242701192003726
3.242805301525906
3.2428615455236662
3.242973941446461
3.2435877934879254
3.2438298810688444
3.244014144283985
3.2442371500028706
3.244278033409855
3.244481725479053
3.244493718256449
3.244612629272918
3.2446878148243594
3.244802154556797
3.244931142462221
3.2453301821469465
3.2454044886869173
3.2454049660300504
3.2456396563748764
3.246361340208937
3.2468627168643316
3.2468834972932976
3.247075493615651
3.247384265545923
3.2473983649261124
3.247502497371534
3.2481220337961565
3.2482861426051266
3.2492380825583402
3.249373821672163
3.249748875819282
3.2501004645637805
3.276033013949404
3.2764712107372986
3.2785477598670205
3.2791419200423975
3.2791491443796565
3.280470513694358
3.2809289236034553
3.280970923068243
3.28163575107907
3.2820817744744795
3.2830947447053958
3.2837610089732654
3.283765574431155
3.2838721320164725
3.2856978248774453
3.286384187236113
3.286907160879993
3.288714347300343
3.642771144970829
3.6623411254994767
