3.337553229912755
4.273438540216414
4.277930940797262
4.279274713400127
4.286245679108838
4.389682354803178
4.401204885628971
4.4080198759105915
4.423086994534131
4.464919523867485
4.474356985322339
4.487663915193317
4.578077511529932
4.5920678356669065
4.633975166716741
4.64582012814178
4.647589904768606
4.649675179357986
4.657851959816225
4.666482038019655
4.682370836278286
4.700142627912203
4.711003755239144
4.714683767525725
4.719756980707727
4.747831620071601
4.762331393769543
4.7697201777173905
4.828874389163436
4.846280367943192
4.859660138827115
4.863136401335305
4.903089784449216
4.903577062214636
4.904233081688854
4.952527548916405
4.956167131280548
4.973515785632096
4.987374457529044
5.04469889731747
5.058566037997595
5.067254853723516
5.071359608144683
5.076733755027715
5.099162007779208
5.108223274535353
5.11434259086599
5.131136144054606
5.141699371999451
5.152052931363414
5.157368596129054
5.168004029561193
5.180291071620831
5.180592641102872
5.187206976583514
5.256976473832259
5.259241715811753
5.259649911909156
5.2643667833567145
5.290576863312307
5.3095336319543405
5.3116153611873385
5.312877355102207
5.317823232421111
5.3707430905702465
5.374131096210257
5.403978429119796
5.41181635915197
5.4181901950174005
5.426165184790451
5.430265775924094
5.465494850724292
5.515955396578718
5.5201081824905645
5.532154740237853
5.540230947712692
5.561925610651219
5.567496921943135
5.58239786064034
5.587301262212415
5.602520633806312
5.607439275809081
5.610976522485458
5.611395288087092
5.621165298488513
5.635658223148558
5.638052892343149
5.6391345443387815
5.650295437049809
5.656206033733783
5.658344299178143
5.658813251440354
5.662661563560247
5.664624994660483
5.688189741754412
5.693393727271162
5.6988091866967485
5.706797953355987
5.711713166966726
5.713704845176331
5.7147689818463245
5.720471655387889
5.72566754872584
5.732923501690468
5.7378839651040385
5.7416116284424685
5.751222492404304
5.781710709485086
5.788058934145569
5.803765604152965
5.811806537647994
5.815951117672365
5.8196159900142765
5.832457917332312
5.838052544364728
5.847165601186146
5.852445550832678
5.866039721373053
5.916113473555182
5.9237639098340455
5.928734929572284
5.935932343452638
5.988965842194356
6.004742944592014
6.011772332278479
6.041574692519082
6.042373835199078
6.09577233122304
6.106901120328102
6.10936516186196
6.109474707152047
6.144683706082841
6.204056258400141
6.212158374373852
6.219617413052895
6.225714027558723
6.267329926000726
6.28728990046373
6.297265003268254
6.304542916721058
6.323811141137299
6.382913556083207
6.390406935681986
6.391775951248096
6.417886103385622
6.440161814034711
6.449993778377233
6.487059188501472
6.501578098133251
6.513533699362618
6.520740890545302
6.529922832616391
6.530670548110427
6.533900892810757
6.540152586942399
6.545670088177482
6.561997767833804
6.587149961065488
6.634617683258215
6.636205308291165
6.65873692728191
6.664144764969596
6.673042842682741
6.678852844641429
6.68558295701858
6.685674134083623
6.706761729839829
6.726588459380953
6.75639122213253
6.75785077024276
6.763719446853889
6.781177595704656
6.788525975705944
6.798293886724321
6.801996835844356
6.811046310953142
6.812534139760318
6.8236086120875505
6.835466702512485
6.857758067253614
6.862348531935526
6.866700119895015
6.874908507766434
6.883428306582347
6.884944564840901
6.8893658287289945
6.889675905107978
6.89586998637531
6.898060180372509
6.902923702897768
6.924779804337124
6.92808297560084
6.933009082220782
6.936838645992339
6.947077644832539
6.9647712192658915
6.9775463380914955
6.978707089447359
6.9817656424425
6.999231124694637
7.004559615501597
7.02256247166452
7.0237850690046795
7.029231174849875
7.057294497956017
7.062476622616774
7.073242856750878
7.073845836653642
7.077830820465515
7.084718029649448
7.085730932211724
7.105081682427037
7.1078118748531685
7.111135107629734
7.117718842677492
7.120379287881376
7.126348230114436
7.1490910597233235
7.150190124265116
7.15503834014324
7.161949644546604
7.162583993445159
7.18388289246607
7.1858370048089295
7.1944821672302375
7.19503830622014
7.207259916176618
7.213720849570423
7.222778947044137
7.225034596811452
7.225667295789744
7.228663205565494
7.2301939735735665
7.231323359630964
7.247572343734854
7.259626894048872
7.262667472306641
7.2662875294849005
7.278021038070314
7.298338251019519
7.300977610744158
7.307986824722929
7.313494416985984
7.314808317759587
7.3166580957132625
7.318823804111526
7.319396051780474
7.323371238775847
7.337876570652312
7.366792429551622
7.426072625044681
7.546171865931622
7.606666494814866
7.635365645331682
7.651738881867066
7.665060162047266
7.686322204197988
7.687799287477072
7.7148256866040175
7.752883786463963
7.774555434741421
7.8160957196527345
7.858139873889893
7.87171373271836
7.891175071596392
7.920598898351813
7.969236314365459
8.006110090398655
8.201206259649952
8.242993880609793
8.255720688760443
8.495138170355581
8.524282440416783
11.415545035388346
11.416740820702733
11.807975731114317
11.82393114661902
13.254401959629675
13.2551115156035
13.2558033789435
13.266133229469322
