0.8292676060557824
2.2760876054473123
2.390360337382588
2.396571927351834
2.3975212410332603
2.4051842697263455
2.4117314764341784
2.412336717351529
2.4166585848885176
2.4179551914087676
2.4186853552315783
2.419293195274964
2.4193037736832217
2.419457510517985
2.420708723689559
2.4247064980969184
2.426443916178134
2.4339206642965223
2.434012334701906
2.437663748456126
2.4391836703760106
2.44018760604556
2.4402918154973117
2.4421322886058356
2.4461994766340216
2.4549158384883145
2.4814182774094857
2.5242705220379853
2.538459289686423
2.5449378538637752
2.56114020929427
3.2003195008465357
3.201084709811836
3.202794568830269
3.20348661877625
3.208195037646474
3.2123616758286047
3.2128956092923295
3.2136930040973852
3.214744884406447
3.2214333352626956
3.2221600650617654
3.226838236094457
3.2278929701827077
3.2297904234368118
3.2345351755164997
3.2386011402162866
3.2392971384059686
3.240143279403868
3.2415917699285752
3.242840333714214
3.2456414278730534
3.247348159592716
3.252061598177221
3.2536500352817233
3.2566705785246794
3.2596163662571764
3.262094920431059
3.2633169055545777
3.2671568611595934
3.2673627299235823
3.2677121391708885
3.2710845105307245
3.274313279255155
3.275408474890294
3.276771482031556
3.2788804155062357
3.279386904672399
3.2829625187072105
3.2867069590189617
3.2900745194526704
3.290793245661063
3.2988003962329615
3.3113008318126056
3.3171634243417825
3.326542147506275
