1.3731701595887162
1.3740103903008465
1.3751185616597013
1.3762610563393272
1.3765170501875434
1.377241120506875
1.3845889901036426
1.3846922978297762
1.3864463574764887
1.3865847496886425
1.3868148730157586
1.387420026335655
1.387442425824443
1.3877291252789967
1.3884958984154108
1.3886449077576242
1.3905179077305114
1.3913513662238541
1.3917295193718735
1.3938873148940218
1.3944318630037689
1.397588866442942
1.398237215490291
1.4010850488689903
1.4052432577906937
1.4061601208472971
1.4083913869636748
1.4092013565747403
1.411852005540591
1.4121521067121738
1.4144115808923974
1.4151113323031854
1.4184419884854043
1.4212842493026847
1.422574791547981
1.4248928809833437
1.4252279134329118
1.5292549687967745
1.5329936230702077
1.5335063948370589
1.5345138514847343
1.5346512938837056
1.5367971370240658
1.5379872787814668
1.5386197945334836
1.5392801834039729
1.5398867812864183
1.5404166985641992
1.5408108793594102
1.542035419733839
1.542993325356467
1.5447122633373596
1.5452439771883821
1.545968882771686
1.5462323112654839
1.546406682164446
1.5487717531466467
1.5503956429357493
1.5509246355773316
1.5520763632627759
1.5530267084245402
1.5558682090294063
1.5561678213450394
1.5570148864069826
1.5571062319857185
1.5571517306082396
1.560270061227541
1.5641887305853344
1.5652004378096598
1.566147748741368
1.5664563202900215
1.56664887801129
1.567873721653231
1.5687377055901512
1.568995910926895
1.5692848614256725
1.5697112896988368
1.569977812586889
1.5706726800919255
1.5706937562373564
1.5716289760922915
1.5717024542137688
1.5718843616257232
1.5724030299217582
1.573253523366235
1.573363133496798
1.5738513652653057
1.5754568289161195
1.5758012337012848
1.5763966109587841
1.5769632499692696
1.577614986181667
1.5781077208271839
1.578416337007425
1.5793620224183018
1.5800787188390837
1.5821092281976097
1.5826236543455807
1.5831647217257947
1.5857167229606515
1.5859117462924188
1.5860629948185123
1.5864804320465282
1.5866768099113329
1.5869924575442604
1.587611837495567
1.5879841686107619
1.5899370339301138
1.590842852604387
1.5919363667059507
1.5923888589974424
1.5938895770617103
1.5945047801170797
1.5955554004768933
1.5959223588862057
1.595944563133976
1.5963672225629721
1.5964001907765093
1.5966270800707933
1.596752423653137
1.5977119010759022
1.5977663353379523
1.5977836775315515
1.5979572603423946
1.597996371545066
1.5980753113969444
1.5985309727327452
1.5985553521728415
1.5986516957553167
1.598905674928919
1.599096088259424
1.5995105683354696
1.5998546511660912
1.6003854475879473
1.6015371860515355
1.6015898304430214
1.6018506939175525
1.6022431322050874
1.6032520055744734
1.6035553050917963
1.6036973903494656
1.6043597664711409
1.6045958340562365
1.604932351566664
1.605265290049932
1.6052979430782963
1.6065222679853264
1.606662617548063
1.6068196608947996
1.6072302675642258
1.607275246658367
1.607359079732975
1.6073693982412733
1.6073722770096512
1.6075945188116891
1.608201903387486
1.608337697919839
1.6086690447643293
1.6088606277755673
1.609007123371471
1.609242596388607
1.6096720834957947
1.6097307750100331
1.6100814518130981
1.6101076147088829
1.6109661414821663
1.6113325986238585
1.611354377709126
1.6114127658955728
1.6114812508251186
1.611581842684023
1.6120412999315268
1.6121962023561691
1.612888082682422
1.6129705566534072
1.6133899413995823
1.6137869486674221
1.6138186969770032
1.6141310682676102
1.6143933538818585
1.6147564312927558
1.6153579349748421
1.6156674027119076
1.6162348895188858
1.617498957003171
1.617852167983123
1.6187633064015021
1.619693970863953
1.6197200796482
1.6204853300422402
1.620789651602485
1.6209627080317084
1.6210558726330697
1.6210889654659097
1.6221239201641982
1.6228390414930145
1.6230110286620993
1.623070510830019
1.6234802576229763
1.6236301206329828
1.6239277603285196
1.6246041618503517
1.6246611372281428
1.6251700356142353
1.6254409222954511
1.625488963234384
1.625722500620176
1.626044551468958
1.6261384842592168
1.6264340297700546
1.6265551845321509
1.6267957260073787
1.6273584104413898
1.6274561150707108
1.6276626137139751
1.6281302626720808
1.6282820734612473
1.6284940711126388
1.6292815012463158
1.6293562256549832
1.6300430642153745
1.6304266335310564
1.6304444539518164
1.6305242151244463
1.6309430358659358
1.6309825047354534
1.6313882183481825
1.6315677922069072
1.6315825117294973
1.63194165039914
1.6320096841241143
1.6328757005567507
1.6330870417846448
1.633332997994468
1.6335766337109727
1.6336441542006834
1.6336903349154297
1.6339565890776047
1.634013096543002
1.6342054137445912
1.634614860367231
1.6346496812636078
1.635011615166844
1.6350856495194512
1.6353098927345415
1.6365557259719212
1.636754265966002
1.6368123744595984
1.636929249996583
1.637577406522131
1.6376267763376537
1.6376511469507327
1.637832122762469
1.6381503988235349
1.6381883192161297
1.6389184687079763
1.6394736383513935
1.6396405143361878
1.639669178463139
1.639711023093043
1.6399936329031246
1.6400618483663274
1.640472624610401
1.640479850872729
1.6406943877964977
1.640865169330632
1.6408858887946811
1.64098744801287
1.6409950082812303
1.6412002072770024
1.6417319992387545
1.64200514038389
1.642639966349514
1.6428442584750684
1.6430513821833295
1.6430785937939008
1.6440529399420627
1.6440925648452924
1.6444972704330703
1.6447930673105282
1.644834632034673
1.6449136116251741
1.644927427434021
1.6451895652011421
1.6456583510373761
1.6457635951355805
1.6458173076888185
1.6459356163897887
1.6460936858692812
1.646234930111184
1.6464491634444363
1.6467524649603027
1.6473567802923288
1.6476875802884952
1.6486592983273707
1.6489501256991466
1.6490900889075397
1.6496094316690844
1.6498534916164505
1.649861348848873
1.6499608674515802
1.6501725984924416
1.6503567497026668
1.6504492397588024
1.650814740107956
1.6509090387383676
1.6509236688930227
1.6511099300662277
1.6512020136489702
1.6515299387356097
1.6518180139737104
1.6518318678253587
1.6522991654662302
1.6524594215326354
1.652756101315852
1.6528317591120167
1.6531747183820695
1.6537930450866276
1.6538693624385665
1.6539042079618145
1.6542120818169845
1.654637396319602
1.654701587250094
1.6547979459926319
1.6548010248514813
1.65482348192583
1.6550327123079098
1.655093092059165
1.655105777463315
1.655444096821101
1.6557183184728201
1.6558498371790231
1.656176371889894
1.6562321832872198
1.656385847643694
1.6565967079083064
1.6567339849553293
1.6567348183265211
1.656974700777209
1.6570051428407984
1.657040021557391
1.657224165232036
1.657227227512498
1.6572603481190424
1.657319356487716
1.6576613222830112
1.6577128920764648
1.6579356548261
1.6579420150702997
1.658063799621311
1.6587453145962414
1.6592128094455918
1.6593485063756743
1.6594205073227148
1.6596629741130433
1.6596703010816238
1.6599316602376326
1.659963465885002
1.6605479347739662
1.6607164246404433
1.6608890806014611
1.6614054233790394
1.6614768643323
1.66156360433126
1.661613184905516
1.6616512543865711
1.6618107663611321
1.6619026376312735
1.6619865229978736
1.6621383332720874
1.6622979196584964
1.662431269332988
1.6626365645252439
1.6627248822543461
1.662828364679018
1.66295970360557
1.663027050959222
1.663042311292158
1.663325197834671
1.663425270085108
1.6636647536460551
1.663671560070078
1.6637047414876918
1.6637398230525613
1.6638125349437762
1.6639438128777462
1.66409894691095
1.6642536266208068
1.6642772899187952
1.6643625524292176
1.664871370101054
1.6649095837135939
1.6649096280169222
1.6649858866710883
1.6650588084641167
1.6651548010251411
1.6652791801430127
1.6653602378296564
1.665601534618273
1.6660325375492233
1.6661663116097194
1.6661674252697989
1.6662923028666776
1.6664383593119663
1.6670853354162365
1.6672787278821595
1.667562855032271
1.6685182081867407
1.668750432258565
1.6687859962324332
1.6690423761331665
1.6691050351221979
1.669140860032824
1.6691532580838548
1.6691544981398676
1.66923421277084
1.6692722060966343
1.6700451047632494
1.6700471125967353
1.670564444006268
1.670616059948916
1.6707091650116974
1.6710132472062427
1.671083838355349
1.6711027497259296
1.6717281271472646
1.6717963036986132
1.6719571508129782
1.6720983339233204
1.6723719520024678
1.6725113545188923
1.6727814042797704
1.6729298140233926
1.673300587706837
1.6738762308041748
1.6741451439598234
1.6743312987951484
1.6744298661118815
1.6744990495807255
1.6748867611636766
1.675462235751489
1.675554974738946
1.6762698274620609
1.676315015939546
1.6765279129039856
1.6777389636380469
1.6783287247650278
1.678336309169176
1.6787812745569386
1.6790894564882712
1.6792049460274892
1.6792241430477015
1.679360177518125
1.6796815791462139
1.6799902409281702
1.6807562864723178
1.680768456844217
1.680933975098526
1.6811724359914826
1.6812872767321272
1.6813984402358073
1.6817082860678534
1.6819452006122753
1.68204668680808
1.6820820956979035
1.6822352734439794
1.6823985317395724
1.682743782368219
1.682961015567001
1.6831450178192788
1.683296234534535
1.683338927826996
1.683509460051328
1.6836608500981671
1.6837216094055363
1.6840078046359923
1.6840106998772117
1.6841130031467675
1.684629927252783
1.6848140506037124
1.6849897311627715
1.68503636905343
1.6851952579258949
1.6853550374621868
1.6854984448426118
1.6855341725746096
1.6855946299095188
1.685623794542101
1.6856535716232612
1.6863486278608835
1.6865424075998494
1.6870847474924402
1.6871190555602782
1.687717879688568
1.6879193509654729
1.6879357536883137
1.6881224587262922
1.688160033929061
1.6884369718119518
1.68870225628489
1.6887038862252841
1.6888625506304424
1.6888874817186208
1.6894037712823247
1.6897650305183753
1.6899328265940874
1.6900426562843807
1.6901660368509397
1.6905747665250548
1.6905963486688595
1.690729819872903
1.6909731816826576
1.691128410826861
1.6912304762100847
1.6912913504380176
1.6913815834066457
1.6914086930522272
1.691580903015393
1.6920730138819822
1.6922827400234561
1.6926058259009267
1.6933898670711554
1.6934614299443689
1.6936523817393245
1.6938696668571045
1.6950952254152958
1.6951048701604883
1.695213085271479
1.6954783316324424
1.695615160260141
1.6963943217508388
1.6964922855282258
1.697121530985608
1.6976106368192914
1.6981169576033182
1.69855744646897
1.6986291192005871
1.6990951385698476
1.700583172839189
1.7010986569298978
1.7023636358966023
1.7024755766276858
1.702631143909937
1.7027591256889116
1.7027890192198478
1.702836328705428
1.7028661675219574
1.7030459789596575
1.7035055990385402
1.7037659866621229
1.7038083055519981
1.7039648254309245
1.704648186705625
1.7049598665500372
1.705094565899861
1.7051553662270142
1.705350527323442
1.7055099432581213
1.7072430287442386
1.7073362471555036
1.7078171924736105
1.7080752216548378
1.7084630830043057
1.7088217381859092
1.709696757293792
1.7098078178241989
1.7098102359465872
1.710042141272836
1.7101916441241523
1.7102217031252902
1.7109046028479338
1.711138812350796
1.7114561539303461
1.711999337581483
1.7124234492850086
1.7137200787092042
1.7148632290075472
1.7151189823383612
1.7155531382702254
1.7164654754820026
1.7167415520379055
1.7172844615060407
1.7173999276519774
1.7186720075158675
1.7189748894381367
1.720262820402018
1.7206452169110473
1.7206934663194524
1.7211140480097165
1.7212178635305715
1.7213121627506114
1.721365264321873
1.7219565160722838
1.7219601298407534
1.7223565940990724
1.722660398773476
1.7230164005660147
1.7231080918275166
1.723525273180651
1.7235972338918673
1.7237416472336362
1.724023230895286
1.7241393244406682
1.7243742277677119
1.7244086976406576
1.724446785076601
1.724644642920915
1.7246724940308664
1.7248201089914323
1.7249240711640166
1.725455513441303
1.7260508374252876
1.7260570421999835
1.726102570250268
1.7264550401530376
1.7266414014096616
1.7271182143923713
1.7273066333642535
1.7279523705891697
1.7285901684749347
1.728720290304422
1.7287753988551118
1.7293522506250731
1.7300058277422459
1.7309290099570291
1.732118076269814
1.7322106152783023
1.7340394778137522
1.734711709210791
1.7352694722674065
1.735872639485928
1.7373080866131383
1.738590158287983
1.7401262988549135
1.7418562897563434
1.7431418465532964
1.7432527428420483
1.7447158831575735
1.745911644767155
1.7459840561871571
1.7467681971154527
1.7469286795519507
1.7470361306503943
1.747816271250949
1.7483044058489898
1.7483250973352713
1.7484776591777735
1.748841560859532
1.7490448756681196
1.7492315903823459
1.7498047656731077
1.7500100913566679
1.750230183566449
1.7511149141611089
1.751250309275581
1.7517011864895957
1.7526595337912447
1.7530221719370263
1.7537878431867426
1.7545254598520874
1.7547641868893822
1.7556512763680663
1.756855887073517
1.7577623376767209
1.7602192621253379
1.7615050032586175
1.7672467465162307
1.7705695002839785
1.770635032855762
1.7740025802188022
1.774121441795241
1.7774524582700204
1.7776597650933716
1.7779458858074746
1.7796533102023804
1.7799606495992613
1.7801248151714748
1.7801256786583477
1.7804191718083926
1.7831464474082677
1.7844431891058234
1.7860228687301716
1.7895636041843297
1.7916669317925815
1.7918045922959884
1.7927181304711963
1.7927435297544156
1.793657206924199
1.7948960407732961
1.7998096018507528
1.8010057663223715
1.8019575980517486
1.8061020057406059
1.8072387631162148
1.8080865576933385
1.8136039632284913
1.8184092278465072
1.8251375478935608
1.8267260478421354
1.8293282340926382
1.8295538354009062
1.8296696048251906
1.8299668110425673
1.833062937396923
1.836734634535862
1.8377188747939637
1.8404872823913385
1.8420699620088477
1.8432394467477053
1.8433968129491685
1.844274875597303
1.8470013578366138
1.8478332782568365
1.848817716498562
1.8490158791318223
1.8493964378214256
1.8494313096705532
1.849620171415078
1.8506064990615738
1.8508220075661337
1.851838230868965
1.853022763843796
1.8580000577013995
1.8581183779230546
1.8583654611390814
1.859191365127128
1.8628986550918942
1.8635366507107751
1.8650485149230207
1.8652902010729249
1.8669401766456888
1.8689519804551546
1.8710903053184622
1.8712141713245825
1.8720226914747706
1.8721875468207476
1.873210934728924
1.8734459593222736
1.8735316474021415
1.8735546137960524
1.873785568004916
1.874560601371867
1.874884294728194
1.8749086731090454
1.8749694776729584
1.8750377911576466
1.8754789997102967
1.8765578229776683
1.877188802197468
1.878993256822934
1.879510684807341
1.8797765615832656
1.8802580554092732
1.8811259703253442
1.8816024413665593
1.8816405764312694
1.8824741164614966
1.882486053319903
1.882775406373592
1.8829596689311732
1.883166523006495
1.8835425148253013
1.8839135282507642
1.8839279780460647
1.8840304343512464
1.8841285335783224
1.8843651253806073
1.8845462539006095
1.8856437398384625
1.8920728861655975
1.8921694993074543
1.8932922928341713
1.8949481085061861
1.8952432471780702
1.8952543924445289
1.896711246090477
1.897151886204776
1.8974251202251493
1.897670134301274
1.8977846902592275
1.89816991616531
1.8984440825733293
1.8985186689481393
1.8993647571106183
1.9000037571921171
1.900165630382344
1.9013209338038026
1.901370334141182
1.901652783997694
1.9016895338938948
1.9026876053207595
1.9029902824813545
1.9045032681536598
1.9055581293090817
1.9056474459767114
1.906549163359439
1.9069685904159623
1.9081060711407698
1.908160580497891
1.9089194398808929
1.9089293276262698
1.9090722119288355
1.9094302981756952
1.910011347913435
1.9100476210528712
1.910129540287398
1.91049028892614
1.9110988970920206
1.9111052538713964
1.9111143917933415
1.9114028794284255
1.9120719507767558
1.9125168071037455
1.912981730253158
1.9130269423352988
1.9149523186857444
1.9156626094124105
1.9160590622222313
1.9164341413944943
1.9166709587399984
1.9184314664618605
1.919450127654834
1.9202778563734566
1.9204792800427821
1.921336025120475
1.9219672921288418
1.9250799141242951
1.9257568822918052
1.92585539958048
1.9317029304638247
1.9365129969780883
1.9379044653863362
1.94017902323154
1.940714692204496
1.9420544883501092
1.9421371245492416
1.9433914316016623
1.9437975296537615
1.9451013684911658
1.9451112299455016
1.945218108182415
1.9457411826131696
1.945919472653074
1.9459621035004144
1.9461827782879348
1.947312149330533
1.9476824222918432
1.948305924359476
1.9489196431753328
1.949577161071903
1.9498692281374495
1.95073693761774
1.9509872581983347
1.9510466419390158
1.9514222056775044
1.9517312581424895
1.9518258563998494
1.9518442377823486
1.9519074617590015
1.9521951578211685
1.9524934438910095
1.9548547587716205
1.9552365624225316
1.9561169411106292
1.9561611867844801
1.9562429347921768
1.9565244742796508
1.9565718385668196
1.9566192229402002
1.9569761890726054
1.9572183731080182
1.9574156631667292
1.957474334993361
1.9575215499379963
1.9576219893856226
1.9576553623379682
1.9577153485965206
1.9582714572472808
1.958674321415097
1.959543808487
1.9596558601032323
1.9604107364905246
1.9606524482802248
1.9606945755991703
1.9610339541723876
1.9614124121959224
1.9614294488657906
1.961558920970577
1.9616987279284983
1.9618044810195912
1.9620190090249283
1.9626087160876424
1.962708922687578
1.9628777540770646
1.9631543915989087
1.963278143783298
1.9633666288469342
1.963489202069651
1.9635653679209069
1.9635748138403377
1.9636889111255094
1.9637614066257405
1.9640692545992098
1.9641848080323263
1.96425676624686
1.9644574468273592
1.964927009059921
1.9650440989553941
1.9652287773476107
1.965341197335762
1.9653477892553757
1.9655910899881166
1.965641558571039
1.9658427323626733
1.9659243171102903
1.9663248643863858
1.9665420958513227
1.9665902631797167
1.9669052366278463
1.9669554649426015
1.9671301526972031
1.967248992334601
1.967308490008985
1.9673832680786505
1.9676910614007928
1.9677013427096477
1.9681936992352422
1.9683075618645869
1.9685490353068127
1.968800547218065
1.9690718518639152
1.969292066624732
1.969637809943438
1.9696387358980085
1.9698277705404763
1.9702265328421864
1.9703946061455837
1.9706805000798966
1.9707832783240455
1.9708578911662555
1.9711641011170131
1.9718651990650837
1.9723854197255042
1.972637009589994
1.9731475699995664
1.9731877635008142
1.9734539345064102
1.9734556517462207
1.9738838398392224
1.9742298308605355
1.974461598026291
1.9749534403596347
1.9753037972790208
1.9763993458025213
1.9765586755021969
1.9768118189187949
1.976818765070078
1.9770589109817964
1.977430011408921
1.9775683761340286
1.9776069517774193
1.978061923629139
1.9788767502589422
1.9789177450796978
1.9789435167078406
1.9791089767998329
1.9796390820793344
1.9801554660330603
1.9804798399819854
1.9805088554530539
1.9805190862647022
1.9806732866020496
1.980903265529688
1.9809157325236604
1.9809538979148837
1.9811553054723068
1.9815393988661698
1.9815643325175216
1.9821478377807626
1.9822038084533073
1.982337051585507
1.9823373355332516
1.982883100685659
1.9830498621796824
1.983053650638208
1.9835069729696084
1.9835199440432483
1.9842169177875892
1.9843595430881855
1.9843657822594825
1.984371808900523
1.9851209225080177
1.985529125563756
1.9855635236397031
1.985767253626358
1.985815020019791
1.9860362718583047
1.986084744508979
1.986220698845473
1.9863997133258127
1.9865331500923813
1.9866132605374693
1.9866357537231731
1.9866795986135923
1.98734232264468
1.9873448809481793
1.988044638966123
1.9881237679609929
1.9881920990234372
1.9882729730535587
1.988378463282325
1.9887365304189968
1.9894441159261687
1.9897046893075951
1.989877681309292
1.9900738806341753
1.9902156376375504
1.9904389009533525
1.9906214092320924
1.9912376517519192
1.9913291837528524
1.991358117972131
1.9916818925085271
1.991834048753394
1.9918480185167076
1.9918824904374233
1.9919199303701978
1.9921620990908524
1.9922913477954463
1.9923427221259493
1.9924711090533365
1.9928021800519182
1.993082710740029
1.9931303041474178
1.9933743518890794
1.9936321060248083
1.994173952772984
1.9943669948610465
1.994417236034272
1.9945552698937454
1.9946668219115404
1.9947487627869773
1.9952826238682477
1.9953244953789473
1.9954528777499387
1.9955845053617018
1.9958747980435376
1.9960439751438577
1.996105900321791
1.996155878747116
1.9970153551833165
1.997493869003277
1.9976536832962521
1.9981393013456035
1.9982006104674899
1.9984708698032965
1.998784589579064
1.9988085765800556
1.9988186511617936
1.9989170452018648
1.9989708131317745
1.9990435050139874
1.999097061866738
1.9991900433346537
1.999360179240912
1.9994796427476151
1.9997426479451939
1.9997896487050097
1.9997947589836345
1.9999017623263073
2.000052866948548
2.000208846432594
2.000603568376124
2.000607671251457
2.000628914516364
2.0006971836185867
2.000788793947822
2.000949341909474
2.0010172223189144
2.001097289814945
2.0012956985340695
2.0014724597796527
2.001484402962942
2.001771599445601
2.0018133511396177
2.001859522595722
2.0019474973288416
2.0019868632435034
2.002439223418583
2.002472212757524
2.002784007861833
2.0028098622559023
2.0029165249477967
2.0030307028851517
2.003088912750255
2.0033097323336744
2.0033097374858837
2.003396264074433
2.003493452390636
2.003578794447086
2.0036209273474843
2.0036377956543765
2.0037407454576144
2.003806604884183
2.003814460058153
2.0038755994786195
2.0045040303966815
2.00451427813096
2.004663732849893
2.004865128707387
2.005056385796654
2.00530410820495
2.005416714569343
2.0054805921839685
2.0056728488278646
2.0057881445283674
2.00593503897523
2.005958664715139
2.0059941069756113
2.0059950913616555
2.006053357011088
2.006148398162994
2.006199536639688
2.006377455872401
2.0067810048421695
2.0068111918829574
2.0068377656459715
2.006885260523977
2.006972317911478
2.0072781786363874
2.0073228668793677
2.007553626992435
2.0076222493423974
2.0076258812177388
2.0076413633679118
2.0078209041213273
2.007914912573363
2.0080725466011144
2.0081869281313725
2.008343317849083
2.0084563387615533
2.0085083000045327
2.008622972816387
2.008818887341959
2.0089575622989413
2.0091489281792807
2.0091738976593247
2.009202589188924
2.0093926506500224
2.009444826562058
2.009477677982063
2.0097818537555594
2.00990168528915
2.010148119668051
2.0102824814953917
2.010330924519979
2.010384495895726
2.010487462947059
2.0106935194874045
2.010829121126683
2.0109191729114957
2.0109943689954197
2.011038385563659
2.0110534460397766
2.0110985164097914
2.0111281454849843
2.011285392247657
2.0113157772532673
2.011369271553295
2.011444044489529
2.0115112882083137
2.0115331491653436
2.0115527817516234
2.01169074148097
2.011700957378958
2.0117965400970004
2.011806408208801
2.0118300327921053
2.011934817365177
2.0120820069904686
2.012274012371567
2.0123658910292583
2.012439466629616
2.0124457893289334
2.012747264143488
2.0127588899710807
2.0127992685224414
2.012888533189095
2.0130905887052144
2.013625969792097
2.013730977437573
2.013737339927491
2.0138875615317833
2.0140468522812562
2.0142500733687503
2.014295579471963
2.01432825482717
2.0143701919068584
2.0143833866811898
2.0144107335984036
2.014522884579645
2.0145613801826463
2.0146040343700466
2.0146358839878915
2.014644461934838
2.014765781794758
2.0148724900032806
2.0148982251749676
2.014926194580542
2.015127807225661
2.015170457181052
2.0152460507165197
2.01530064248497
2.0153214353236617
2.015345120810134
2.0153622411149965
2.015486362001251
2.0155411587632193
2.0158144844497485
2.015880043469132
2.0159532445777106
2.0159803499332987
2.015990039701269
2.0160162371903794
2.0161075213505235
2.0162035153192637
2.016230866507561
2.016314996352413
2.0163323158597617
2.016505267491418
2.0166490592707853
2.0167482760369184
2.016768659797617
2.016829760397801
2.016863777097289
2.016881211097061
2.0168937392808672
2.0169002376730134
2.0169635358946016
2.0170353155700553
2.0170546471765394
2.0171363026675913
2.0171396609478505
2.0171486654633832
2.0172728083467706
2.0173740970313747
2.0174844820835682
2.01752387317834
2.017562916078859
2.017593471770766
2.0177599250020473
2.01779678969407
2.0178149955143247
2.0178408044446225
2.017852173518159
2.017948214669012
2.0179758301212765
2.0179893368128297
2.018025723105148
2.0180840852739284
2.0180854939397843
2.0182144279835925
2.0182771892393894
2.0183334980898677
2.018350504925482
2.018405678592053
2.018480496767399
2.0185320711850556
2.0185358024520093
2.0185490922263463
2.0187212098836804
2.0187716647264318
2.0188217089991825
2.0188528643628625
2.0188706737470605
2.018888807740852
2.018901787858248
2.018982886999953
2.0190093550474155
2.0190121793031732
2.019102608572845
2.019234243235949
2.0193679306996675
2.019406549413192
2.019414187188866
2.0194246841124883
2.0194264565512
2.019521576043622
2.0196176953558633
2.0197173771162094
2.0197573521882792
2.019789895708342
2.0198700860370464
2.0199557080151513
2.020019618676155
2.0201584205881815
2.020167321022317
2.02024971985571
2.0202605663382194
2.02028032373815
2.0203252883405307
2.020406255299674
2.0204610900315667
2.0205322596459157
2.0206450968427108
2.0206807456241935
2.0209042130362365
2.0209112458099088
2.0209431561799933
2.021024949407553
2.021209229663506
2.0212587132959565
2.021431526439626
2.021536664798335
2.021645257839349
2.021665140090693
2.021702994671273
2.0217328110713413
2.0218092029040986
2.021897838634139
2.0220844111721092
2.02210547352795
2.02212090342935
2.022178051887472
2.022197179612873
2.022215112826003
2.022259698592629
2.0222815628241837
2.02241372902251
2.022465833940434
2.022493139002472
2.0225049023749992
2.022634764502694
2.022694167358442
2.02281666480913
2.022872510271958
2.0229610623268885
2.022981284891974
2.023088763287411
2.0231598612672723
2.0232636619102053
2.023464183466692
2.0236727493950886
2.0237335452707046
2.0237383639619098
2.0237671950597793
2.0237801993900377
2.0238610325710438
2.0241208689233274
2.0243720069381337
2.024382637899321
2.0244731491613375
2.0245193845865077
2.0245210235069537
2.0249092838567964
2.02504085970751
2.025132654129963
2.025142393613807
2.0251667796789445
2.0251789676326455
2.025199909154347
2.025233954529335
2.025352290671526
2.0253665346559973
2.0253797422405864
2.025406457876897
2.025429095681669
2.025432383552126
2.0255090867988534
2.025511228631944
2.025702152801735
2.025825911126956
2.025960819769194
2.025988585146878
2.0259901317838414
2.026008408243049
2.0260206371975245
2.0260825664199555
2.0262161190462677
2.0263368835842765
2.0263377630715884
2.02634635105407
2.0264033148987415
2.0264338199386396
2.026497434427687
2.026561539947431
2.026585529654666
2.0265951264102786
2.026657107853811
2.026806974306331
2.026880755760367
2.02690297988248
2.026942820516359
2.0269449806723823
2.0269680434828157
2.0270106988958165
2.0271522600106344
2.0272301155449464
2.027237123768195
2.0274804144532457
2.027567084202195
2.027577241173915
2.0277578093983784
2.0277947883832725
2.027840202964604
2.0280177149850007
2.028041248070021
2.0280634924411816
2.028107331598188
2.0282008783517047
2.028381658928204
2.028409980215297
2.028577005605626
2.0286894371596067
2.02887653228237
2.0289336420804522
2.0289490956974148
2.0290676002718784
2.029274628666521
2.0293020708030447
2.0294397080920783
2.029560362420744
2.0296902354783883
2.0297253464821776
2.0297486036000296
2.029836852565595
2.0299092986390757
2.0300095002168352
2.030052556883876
2.030083695436673
2.0304334283184127
2.0304634715922814
2.03052213395333
2.030646686528108
2.030758397609138
2.0308572159837865
2.0309127634827298
2.030985594989883
2.0311288769790314
2.0311717791997057
2.0312492773458763
2.031261853597423
2.0312698097820885
2.031319425651636
2.031472897741421
2.031495968056218
2.0315338919799943
2.0317148969015415
2.03173454823031
2.0317736295291726
2.031775819059541
2.0318394044902224
2.0321069311362234
2.03212223666558
2.032252010804549
2.0323368332865286
2.0323460720770616
2.0324282215278977
2.0325073829099245
2.032600531730158
2.032647799366584
2.0327204487453208
2.032793638797685
2.03280475856301
2.0329399951245968
2.032967618094998
2.032992113904535
2.03299480780225
2.0330399338768843
2.0333021172231063
2.033454040621243
2.0335036147314534
2.0336286067794815
2.0336351818940215
2.033671489551823
2.033738202392182
2.0338954837009795
2.0339022159134923
2.034007722862477
2.0340159033217486
2.034056213894844
2.0341983928092047
2.0342073679119297
2.0342319191240024
2.034448314086536
2.034609354421895
2.034662778819552
2.0346886299589295
2.0348959690039754
2.034935012316246
2.034964607842978
2.035011652313836
2.035156122421433
2.035220210961134
2.0353488172358856
2.035407537472975
2.0354157934821955
2.0354264331268186
2.035512402789397
2.035523448479921
2.0356599066139487
2.0357251358393977
2.035750933324235
2.0358739410005633
2.0359377448929368
2.036015286698163
2.036034933674948
2.036076352353326
2.036082230920241
2.036107084190252
2.0362201048507567
2.0362696339089768
2.0364512787199467
2.0364949556411718
2.036506457765977
2.036513292622631
2.036543993872521
2.036546096468391
2.036836502949853
2.0368829896546634
2.036884224495845
2.0369421496124867
2.0369452052500634
2.0369545685398
2.037001510178184
2.0370058589187394
2.0371190290910004
2.0371403678219995
2.0373368769041496
2.037429590293808
2.0374934889175194
2.037743694786132
2.037759207912906
2.0378118991725813
2.037812660739055
2.0379420612243018
2.037950856166346
2.0379634980170374
2.0379675397548453
2.0380882020930127
2.038088518878048
2.0384617277799713
2.038543957672709
2.038573738753814
2.038585167792868
2.0385926305004816
2.0386478480113452
2.0386528099494345
2.038663836791247
2.0387097265839706
2.038899926812698
2.039219589000192
2.0394095087365747
2.039467970440807
2.0395303668369396
2.039769900645042
2.0398545849396026
2.039871063601486
2.0399942478750996
2.0401473981984513
2.040221780226691
2.0402500590790265
2.0403157379286725
2.0404008313120428
2.0405309199301565
2.040663764716732
2.040723557828234
2.0407612459844335
2.040964137635372
2.0409818646149533
2.0410964572722863
2.041135045921476
2.0411401077545146
2.0412235811904074
2.041253230705322
2.0412559741176683
2.041256684202341
2.041306564408833
2.0413511382020464
2.041428261944476
2.0416416001053017
2.041747797913092
2.0417791791311837
2.041846982955821
2.041904449885347
2.0419527672347093
2.0419557952174965
2.0420447294949247
2.042352295693287
2.042426688370469
2.0425188003412487
2.0428151250891022
2.0428852977456917
2.0429175754779516
2.043006896358055
2.043031999255895
2.043143235281905
2.0431749000169286
2.0433012892876965
2.04330136147411
2.043324568903389
2.043337288856559
2.043410662639212
2.0436138023904364
2.0436445320036603
2.043670944527713
2.0438220172008923
2.0438801055435336
2.043922175036132
2.0439902230110145
2.0439971098579206
2.044156012292349
2.0442186321644944
2.044293983152329
2.044560535760499
2.0446072646037994
2.044629132074331
2.044727353095797
2.044783622160106
2.0448181371631478
2.0449779561884065
2.0451588767650843
2.0451732674180674
2.045323632928425
2.045810790161863
2.0458560658933593
2.045877625964756
2.0459135646371784
2.0461867522084374
2.0461942907473785
2.046244955664861
2.046252441181537
2.0463277558304074
2.0464366624254238
2.0469130052164064
2.047006015577689
2.0470257665805986
2.0470595702064562
2.0470597778393653
2.047112104212242
2.04719299612261
2.0472406114246318
2.0472548669454516
2.0475712661275405
2.0477332977678064
2.0478579031078628
2.047999186061739
2.0483068932398654
2.0483112894170463
2.048396492859491
2.048517007786876
2.048712497113337
2.0487250223909825
2.0487291788242925
2.0488244706490373
2.048932086233537
2.049031082305541
2.0491652814462293
2.049228023657807
2.0496114157769876
2.0496892909889985
2.0497171520267448
2.0497199387806093
2.0498385208593395
2.049891382525484
2.0501017602894467
2.050206089906682
2.050333930929707
2.0503746395524702
2.0504802353033393
2.0504803898116113
2.050633339911097
2.0507531208241256
2.050795163659405
2.0508024840373316
2.050817669249381
2.051083069018862
2.0511701603974646
2.051212135279325
2.051326202087128
2.051457634493487
2.051639880666494
2.0516820787242085
2.051685849697238
2.0516989390352642
2.051788780141472
2.0518197510872054
2.051826685162989
2.051883756915448
2.0519548902239415
2.0519636584383383
2.0520738519844026
2.0521193801671433
2.052219728873718
2.0523973783848155
2.0524752751355755
2.0528767724191366
2.0530377538375473
2.0530645390121194
2.053097297416506
2.053308172296098
2.053662773259354
2.0538664833949585
2.0539742259929232
2.0540810530345275
2.05408930170054
2.0542106550401713
2.054261548990835
2.05426860485776
2.054463678462616
2.054529201139309
2.054732582042755
2.0550133678178644
2.0554591822942228
2.0557420667708444
2.055918723691903
2.055939868599044
2.0560444248954703
2.056068792958258
2.0562104886031394
2.05638860907472
2.056554539523044
2.0568442330093024
2.05685220037615
2.056860895673574
2.0571685739000407
2.057590875975957
2.0578696513619352
2.0582698989161923
2.0586350075015107
2.058640248972328
2.058781657271507
2.058805965552863
2.058854370024084
2.059016122024859
2.05907020723116
2.059302046545652
2.0595081306654257
2.059764975866331
2.0598109736160133
2.0598129025188716
2.0599318780612488
2.059997882075161
2.060034853903423
2.0600830496369884
2.0601085171549305
2.0601149237754823
2.060131812882463
2.0603504590022514
2.0604939992416065
2.0606311834602904
2.060838012658636
2.060879879706264
2.060973908669227
2.061248143656048
2.0612532330842925
2.0612981127679895
2.061298780584163
2.061347395184673
2.061379989083045
2.061390078380056
2.061709841621353
2.0617135248716463
2.0617765624097113
2.061808911076069
2.061811685637453
2.061830601995571
2.0618865099298573
2.0618866876058735
2.062151206277201
2.062282838105879
2.062363940369442
2.062466146311539
2.0625247867622463
2.062610943017433
2.062791162211152
2.0628210064655526
2.0628272083882204
2.063079986215751
2.0631501755164767
2.0632426891820645
2.0634435137816567
2.0638336641181545
2.0638392053343813
2.0640306116116074
2.0642256230796834
2.0642538408424933
2.064434604305724
2.0645682276249095
2.064722119129026
2.0650168836344784
2.0651368922991487
2.0653153052059428
2.0653745250211437
2.065584481753558
2.065761070254182
2.0657792471009957
2.0660009267558084
2.066006789672669
2.0663777628533317
2.066384359331516
2.066431182884351
2.0665489203505656
2.0669400274062526
2.067008980513473
2.0671329495572706
2.067565794271089
2.0676333549616457
2.067796135936215
2.0678801495839827
2.0684500201122136
2.068839609587805
2.069055905733931
2.0690775222348403
2.06955516805998
2.0697847250104586
2.0698846870391354
2.0701755089273197
2.070214601775102
2.0703989224472643
2.070872579687877
2.0712203306365264
2.0712276489444936
2.0712715918618776
2.0714258778508414
2.0719583914479935
2.0719975150572854
2.0720480448606247
2.0720912567022927
2.072192534695719
2.072367948876642
2.0724686281240645
2.0725224343854074
2.0730106456858657
2.073273613342757
2.07337426499251
2.073380901005933
2.0739086680495005
2.0739383830338247
2.074081845632195
2.0743878479722473
2.074862699285435
2.0756054884200426
2.07639058782827
2.0769397574232875
2.0776420000272395
2.078572583706111
2.0787742045379947
2.0790485764770814
2.0792470217641146
2.079328827308721
2.079969302528829
2.0809099191150744
2.0813825036227844
2.081456786299383
2.082078360774254
2.0823855122741257
2.082626294739278
2.0827986054817837
2.083340751668712
2.0871515913374465
2.087383369983823
2.0876320989213513
2.0876677244292
2.0877489241005076
2.088384845139602
2.0884366325408195
2.0886432783053177
2.0894608062298015
2.089755044991436
2.0897844478708207
2.09053409971396
2.0905570565381173
2.090859857577369
2.091004828529958
2.0911273493323415
2.0920804745198844
2.09258375730778
2.092696599702648
2.09281090315889
2.0928719031128256
2.092885360425946
2.093200011147801
2.093359517308354
2.093592267876259
2.094773148285055
2.094992835266881
2.095320658682922
2.0953276256727276
2.0956967933003106
2.0964477324613764
2.0967891592112533
2.0969101058464896
2.097289420070581
2.0975992100582066
2.097741434333909
2.0979272189063187
2.0979531846027606
2.0980911730847245
2.0984304588762055
2.09854074924648
2.0987224442186165
2.098911918982714
2.099027158197767
2.0993162895068918
2.1001044003178944
2.10073692915908
2.100884687514433
2.1010856719210187
2.1018558976453092
2.102896869119926
2.1030276454256835
2.1032396614301305
2.1034894600979084
2.103524885294558
2.1037441255505485
2.103910826220893
2.1039342226349533
2.1044548570448978
2.1052803757660685
2.105576225094647
2.105590082402365
2.1058153160911015
2.106047049393815
2.106434513839837
2.10657256743222
2.1070002217015658
2.1071984411914806
2.107544739347024
2.10789434558026
2.1080462408391876
2.1085670473977642
2.1086613562203325
2.1090010888496664
2.1090375362464435
2.109316163369974
2.1096996980298584
2.109952269287089
2.1100127882600144
2.1101069059156052
2.1103877449405464
2.110468256328282
2.110966435924024
2.1113253283362394
2.111532763795021
2.1115946292270564
2.111786303056263
2.111831642155451
2.1118875437464664
2.112136513568315
2.112136776116265
2.112347524866007
2.112476495311896
2.1128403498883945
2.1128436165176177
2.1129491506678404
2.1133239484883592
2.113620768523058
2.1137480066564143
2.113770782298865
2.1145054363083022
2.114870431062572
2.115144395005161
2.1152735037948434
2.1153483194323304
2.1156586289158734
2.115842392107796
2.115884157944145
2.1164737915579046
2.116684018442898
2.1169952951707938
2.1170677923217807
2.1171348846475473
2.1171418872176457
2.1172298632750475
2.1174678854469744
2.1175181356017685
2.1176391599942854
2.117919466517056
2.1180481572528542
2.118116567019608
2.118335874653918
2.1192923882623433
2.119366006621639
2.119402780394648
2.1196084434614173
2.119823146743938
2.11984600980674
2.119917774401569
2.1201507621099127
2.120306903979464
2.1203881761294463
2.1204496720824624
2.1210218446697775
2.121712899145323
2.1219613342629184
2.1222388480313397
2.1226348641699446
2.122651240370457
2.1230339413559003
2.123127426074761
2.1232046140938903
2.123229338782034
2.1233011403687434
2.123488430951702
2.12350292892364
2.1241532524851596
2.124362075756164
2.124512300161516
2.1249217761890877
2.1251955354610277
2.1255128600138207
2.12561078212322
2.1257603534041483
2.126134996695134
2.12621732646347
2.1262637298945917
2.126331556759178
2.1264197492680608
2.1264467114762144
2.126516297645166
2.1271138956473026
2.127386694896178
2.127969051375734
2.127982696215216
2.1280614409652023
2.128080104464519
2.128376658596
2.128427458337098
2.1285627437297565
2.129143423320571
2.129361764603629
2.1294054495764367
2.129866761924406
2.1299070057962646
2.130236189434392
2.130241978343211
2.130296248974458
2.130365629607264
2.1304307840416805
2.1311246840466973
2.131167386968655
2.131484912239206
2.131525046845254
2.131787718356185
2.131790115688265
2.1318103579514887
2.1322603779127656
2.1326247934538967
2.132979168890849
2.133016689608399
2.133221994757518
2.1333099150297072
2.1335273160818713
2.133808000778106
2.1340880547060013
2.1347022560833
2.134887215679782
2.135685435709917
2.135800883089353
2.1359993101115085
2.1361655788170792
2.1365022562389218
2.136574699322416
2.136681512217887
2.1367402880046997
2.1371955949233525
2.1376568612238627
2.1378282200861474
2.1380694621078717
2.1384212846572512
2.1386473241657673
2.138911893285347
2.1399260028849083
2.1401027182080923
2.140332473579177
2.1404888354365106
2.1409428475962735
2.1411853080946757
2.1418638051741308
2.1424445991748287
2.142866181896503
2.1432184981054756
2.1436096558346374
2.143719440329873
2.1437567051564135
2.1439909938278405
2.1443528681572817
2.1444807813937046
2.144508934487061
2.144555642196341
2.14455796118593
2.144809176352559
2.1450567155012097
2.1452739032342616
2.145384245095694
2.145416880543424
2.1465974530812044
2.1468559537562633
2.1471188532989993
2.1477413727606716
2.14798393651787
2.148028028660171
2.148193894802262
2.148308734797636
2.14918693504325
2.1495337088710302
2.1497196361544217
2.15052301618664
2.150784291388026
2.1510806430035316
2.1512907894513997
2.1513677733503647
2.152293778369103
2.1527881644953273
2.1529209525728477
2.1537531344359895
2.154050619663141
2.154061754048379
2.1541535363331703
2.154457926551796
2.154661413749858
2.1549094223508916
2.155857567234394
2.156868826789441
2.1572619709381886
2.157733123838809
2.1587159773807767
2.158827663356879
2.158836314273418
2.15934064493261
2.159850503822876
2.1601232906115175
2.1602195853488646
2.1605494639140788
2.161339174547094
2.1649316718322065
2.1658473331004475
2.165898167755714
2.166166602371052
2.166576528222119
2.168651207147396
2.171060895404325
2.171226901420188
2.1718508187193746
2.1742882149605185
2.1758495859246865
2.176010065804074
2.178353877023061
2.1795511799302387
2.179552409085737
2.17976481172532
2.182835226362001
2.1833552938155925
2.1847565511051594
2.1858486248578313
2.188190837550639
2.1887196884067084
2.189152305138202
2.1892610080648423
2.189624663648465
2.1906284016768796
2.192092087415172
2.192374369044623
2.1942357466979048
2.19458183889983
2.194628912286318
2.194769054050437
2.195416906807264
2.196246564377379
2.1968014276776073
2.1981247947675504
2.199072397365047
2.1998018056327235
2.2004952802873867
2.200522986420394
2.2008315530831974
2.2034437523059247
2.2042188531965756
2.204353044896005
2.2049108259030072
2.2068230414422274
2.206883639338387
2.2074137457871705
2.2076067686428615
2.2082868278673193
2.2084590099016976
2.208691663566308
2.20975056614759
2.213654696209894
2.2139836043569883
2.2145920138638373
2.2148533683745883
2.2159754673200296
2.2162099504556356
2.2162108013054587
2.217152282622044
2.217303795826788
2.2178039821733195
2.2180203773127936
2.2188685178900434
2.220660120352388
2.22099049403575
2.2211528498359345
2.221370944555442
2.221878030033652
2.2231164752068615
2.223246196132198
2.226255114537464
2.2286225613290886
2.236010404680481
2.2368577156237905
2.237930604344125
2.2385461267335667
2.2390121078780023
2.2404065327744376
2.240664585937691
2.240787806918347
2.244916810531509
2.2451942900926842
2.2464446464119012
2.2470915811151837
2.2473280159926667
2.2474558995662677
2.2474766836857696
2.248054993603267
2.248528287135249
2.2490044757828516
2.2508716613280484
2.2515038223782486
2.253041457750344
2.2531348826765476
2.2533698498315347
2.253447386559431
2.253535239946642
2.253587951674501
2.254074291360163
2.254496643841948
2.2547660483865655
2.2547711571161795
2.254947118561447
2.2551831846462354
2.2554767531221143
2.2555697476226193
2.2556948914683317
2.2557351427943875
2.256087071892106
2.2562773544963504
2.256307297817251
2.2567015426125128
2.256842673867435
2.256882436051674
2.2570032584658364
2.2570442690674626
2.2570774556190933
2.257344936960451
2.257468982248156
2.2575975777461617
2.257605348742307
2.258086493197225
2.2582682979325273
2.258277211682792
2.2582813553191894
2.258460922279724
2.2584662311799386
2.258874442423842
2.2590183711317664
2.2591245022878037
2.2592775813842554
2.259514231538344
2.259633535558304
2.259806059228461
2.260045493699596
2.260303686070315
2.260441439293421
2.2606815569628096
2.2607807225411456
2.260817512977962
2.2612076005951383
2.2613581415837123
2.261764674971769
2.261872498646292
2.2619911194688043
2.262265629330756
2.2625378281666957
2.2625926995009102
2.2630096544260363
2.2635065408989448
2.2635173458452904
2.263670585510205
2.2637085128857213
2.263914573201581
2.2639944045256324
2.264198861403738
2.2642069929897994
2.2642473057680874
2.26430002444154
2.264609421821476
2.2646889326702127
2.2647891837851724
2.2648903987613265
2.2656029854903146
2.26572894877894
2.2664209921178187
2.2666737152281136
2.266716746755906
2.2667660057428853
2.267339807595962
2.2675330948318484
2.2676081537355532
2.268022255097561
2.269063324550455
2.269905480467452
2.2699401603759584
2.270452960757109
2.2721816068308875
2.2725195106597247
2.273235729491873
2.273579723167177
2.2741195101808542
2.2752521993877597
2.2777164651754833
2.278346058846287
2.27903078438682
2.279113195018218
2.2793123565303124
2.2795180014741625
2.280051756630032
2.281279705670514
2.2813173710678107
2.281591930024905
2.281647819043782
2.281663135461214
2.281671696751791
2.2826498923967753
2.2827945820404074
2.2831289766642193
2.283727651050024
2.2837600002209246
2.283808442136969
2.283982378908527
2.2839855798675575
2.2840888454897246
2.2842092897271655
2.2842452778957507
2.284841565632228
2.2851165696924363
2.285296382257242
2.285509117011537
2.2861902015586737
2.28635419751012
2.2866929328212535
2.2867087477010823
2.2870594192986142
2.2879284898618395
2.288204601302624
2.288318779712895
2.2884187361207218
2.2888760005934117
2.2892881584425258
2.2900874466005736
2.2911384392122933
2.2914374191033287
2.2915763106021605
2.291720510930656
2.292256109673008
2.292294924821565
2.2923981327738843
2.2926885540087745
2.2929135763428308
2.2933109261169666
2.2933657007658086
2.2933925898549425
2.293418585554006
2.2934641485923004
2.2936883612594463
2.2938528473517072
2.29397342330425
2.2939848633406177
2.294428805216664
2.29446639181584
2.2945816464283104
2.2946576597692827
2.294687713354739
2.2947616496119334
2.2947952300283245
2.29540070328895
2.2955429990651752
2.295886048070787
2.2959167350125793
2.2959767023276876
2.29617616313875
2.296982175634173
2.2970990424110505
2.297328862750854
2.2975755772495945
2.2984808337040237
2.2985525342422797
2.298654975327105
2.2987670149745303
2.2989942106202967
2.2990558218900574
2.2996582462802393
2.3013568720288013
2.3016667171145277
2.3021224953043093
2.303878868078657
2.3052221489398184
2.3068662101364574
2.307294857139096
2.307943395765169
2.308106036704639
2.3093607821617
2.3147537892009
2.315354283338951
2.3169750531296383
2.319607828978104
2.320413635937725
2.3215566188358396
2.3258544463356565
2.327059971686031
2.327870079659724
2.3287670766448163
2.3300782165253957
2.3328618870471765
2.33319666490133
2.3340467545678285
2.3364977510989915
2.3367310841570976
2.33787559315142
2.3398463603569066
2.3421514492157227
2.346262857535053
2.3499912310034476
2.3500900455392433
2.3540428778748392
2.3561699067402087
2.3589956663012552
2.360004428143004
2.360211268331133
2.361295946143634
2.3622520300444667
2.3632615685033618
2.3639713333272097
2.3651426343584814
2.365616682102853
2.366746570194128
2.368035934298926
2.369366992296624
2.369685907653876
2.3706577471959847
2.371737410494704
2.372268091440681
2.372634975040291
2.373135628535767
2.3734817746808203
2.3748306542148994
2.3756075563298586
2.375863279423091
2.376675756770043
2.377202890223601
2.379670217134954
2.380493309546273
2.38051332414632
2.380952644930759
2.3833227883169563
2.384123221370436
2.388114860170064
2.389979010896849
2.39079762851032
2.391453468727754
2.392326558047976
2.3951036478886656
2.395602786306143
2.4367740666350164
2.4399358535274067
2.4415050932234146
2.4418302653564585
2.4447388944969335
2.4448539702589303
2.449064084226696
2.451937505803298
2.481478409538504
2.6495939063598035
2.6545136530297273
2.6617866083194746
2.6623962393702643
2.6675007715478554
2.6679519289774034
2.670692566367034
2.678077414656414
2.6800990294444778
2.683747966457768
2.6840633864609384
2.6916082301051736
2.6981837385504086
2.743151040885846
2.7432536535748238
2.7441806148488603
2.7454366779076547
2.7455409696197357
2.745896919649692
2.754868708461567
2.7553111529141874
2.7553852391834193
2.755772282190454
2.7559261755500057
2.75624339669945
2.756450188520197
2.756875543702102
2.757036411677461
2.757635352088106
2.764077203592922
2.7646897427169486
2.765160504286546
2.765239282492185
2.766528189676963
2.7666003594533013
2.7666266660726486
2.7666385221425944
2.7670132213608283
2.767067748399155
2.7677465438493942
2.767810296847801
2.7680943881771314
2.768117898598479
2.7688923246804107
2.7690010588881164
2.769862910908707
2.7699336964400114
2.7700157303517465
2.770035838341374
2.7701268227425007
2.7701411505348585
2.7749549479106115
2.77497862046518
2.7775103943750934
2.7775427490259372
2.7817008117217092
2.791132126828586
2.7916011071179083
2.792901069035537
2.7930779488983415
2.7933123823218957
2.793369790530456
2.7934801960733444
2.793677191235721
2.7946109898340863
2.7948253982604885
2.7949014718458556
2.795084573706365
2.7954407344364
2.79551157989121
2.795605701509366
2.7958296147005406
2.796897123933319
2.797170908355817
2.797185503390733
2.7981614453632395
2.801917472264489
2.8039617735395233
2.8040598296675676
2.8062799865284407
2.8256964099974264
2.826057628382641
2.8528233859204795
2.8548789424598815
2.856016460959087
2.8582593370331533
2.860365853316804
2.8616714892545048
2.8626282551080298
2.8637102358915096
2.8640129581591376
2.865171563865843
2.8664706805616236
2.86715947197224
2.869542497935919
2.871793054621872
2.8726381631088733
2.874829816555061
