1.099467781152703
1.132147064380032
1.1416341956329221
1.1492146803447731
1.1712095541822978
1.1844591646464455
1.1849266064158743
1.185682587730913
1.187854669047331
1.1933181939708166
1.2147877388305781
1.2177574840820096
1.2245141656522547
1.2418551034901941
1.3530932113663623
1.374679369419606
1.4059620159495858
1.4063732753394855
1.4130678604548288
1.414669915166743
1.416749524075887
1.4251852626661128
1.4308811080762847
1.4350684795765896
1.441738037625
1.4445439910329663
1.449990795592999
1.4550490756754633
1.4622651308673151
1.463108086645384
1.4649965666078382
1.472873786131397
1.4771255020731737
1.4885978594275424
1.4903258193021092
1.4955055256130967
1.498576913660727
1.5005318765847606
1.509068645891
1.5151346925795128
1.5255693494355163
1.5278545967545878
1.5330739003793905
1.5344753772787947
1.5356827262298158
1.56722207432815
1.594883594357298
1.5966566326686764
1.6109509097130597
1.6111301864422516
1.6120273330318158
1.619161501017623
1.6196597182009733
1.6202405681642065
1.621383046247391
1.6231661817805696
1.6271165409976962
1.630661166033649
1.6345380879966698
1.6345895700075521
1.6354865650523889
1.636185826013165
1.6374599853860723
1.6394708833606368
1.639731390864047
1.6417122358027498
1.6421879676277749
1.6423758912511872
1.6462748807559024
1.6483351253640977
1.6488013719116739
1.6507714765480033
1.6530897479530353
1.654233235152247
1.6564304553267508
1.6595635812436516
1.6615916709712024
1.6616862648638253
1.6627014389963601
1.6633224235627408
1.6642073092028893
1.6644134562563517
1.66569300878774
1.6657611270516566
1.670073783007037
1.6703050213018793
1.6745195767577046
1.6797945663003269
1.6814134634154156
1.6830361613849951
1.6838056746189778
1.684868079018596
1.6855900580262955
1.6874542782186959
1.690319469804675
1.6906459387209574
1.6911183412364996
1.694894694438973
1.69493617166862
1.6974404563539471
1.7016035463244663
1.701809113770609
1.7020430858057574
1.704169505445542
1.7049638797433286
1.7157693012167288
1.7185781548863956
1.7201046940939977
1.720949612111236
1.724859613199464
1.7305790585134406
1.7396143039411593
1.7404939897480025
1.7417603156941115
1.7507914903737365
1.755143647187078
1.7662623950379477
1.7780174439062224
1.7785198949222913
1.788244289132394
1.789319823124578
1.7911136153120224
1.7923957313590282
1.7972013908433435
1.8053168962052288
1.808541090453138
1.809672017215809
1.811188199565721
1.8113812406881051
1.8175278257770568
1.8208278877267818
1.8214552205500352
1.8249198667668884
1.8262585695712097
1.8288988174110603
1.8344869243321527
1.8451209965373299
1.8455707739962228
1.8555598231956896
1.8587652538868635
1.8633259434042355
1.8695319668437185
1.8717469184693274
1.8737213393176748
1.874925111398553
1.876770789087564
1.87700921137214
1.8780007411742303
1.878674549095074
1.8788513994422562
1.8804961642623368
1.881223486180782
1.881919806488396
1.8819268888615441
1.8821576281311714
1.8836719537337498
1.8838651413565228
1.884415569475035
1.8861827235741093
1.8877403024833372
1.8882272599408807
1.8889393858443035
1.8922613360874192
1.8936608570379805
1.893759012240887
1.8970367020321688
1.8972337804976553
1.8978226263456612
1.899961658023342
1.9013133846356063
1.9030677066324921
1.9043258520474489
1.904671169058114
1.9072258811686593
1.9132270751979517
1.9161995857908607
1.916869208690017
1.9168862407968474
1.9173039645842882
1.91921704383518
1.9195540383847813
1.9202110652412467
1.9213535745109906
1.9226445530424379
1.9227506434242636
1.922979415625443
1.9230409143371059
1.9232619740889847
1.9233581017549048
1.9234053529244217
1.9234683123708467
1.924805455986492
1.9248527227495984
1.9248635705492332
1.924888772625311
1.9248929113248734
1.9261922797153541
1.9269273258033455
1.9275881871754175
1.928565601706154
1.928630463597842
1.9306326595765246
1.930726953157521
1.9307873322036333
1.9319608170158347
1.9330793873559635
1.9344179315303638
1.9367215956368118
1.9378582183108901
1.9382902836388385
1.9394951740625785
1.9432490822509725
1.943586530699902
1.9446388730754414
1.9451965487316443
1.9471684703671384
1.9480176100237274
1.9484928646304904
1.9538911341011573
1.9541661461514648
1.954536053709586
1.9553474911212676
1.9565357604881395
1.95837109586273
1.9606442823992496
1.962138487460964
1.9663717981370854
1.97314564791908
1.97343521708242
1.9752155476628612
1.9813632312928269
1.9833652557971189
1.9919203369561458
1.9923639755491902
1.9946109237574214
1.9949750351366686
2.001292924950841
2.001597698796059
2.002423500445859
2.0086265825040797
2.0134766158126887
2.016160811828988
2.020949711570627
2.023401724952883
2.0298032623163347
2.0300098084296136
2.0323150572976254
2.0356707793902777
2.036022549311964
2.03672784907173
2.0378948655884574
2.0457070628319665
2.048308191210853
2.0492254222016504
2.049654798410268
2.0575909577292832
2.060239476067667
2.061037584816662
2.064038151014556
2.066124555084453
2.068811683571199
2.073181758049735
2.0741938922473246
2.07480396469524
2.075756953931316
2.07634268981836
2.0767176030419634
2.081261183682309
2.082176367479352
2.0831920260355354
2.0844662237869316
2.0857322764633
2.0868139307679567
2.086911742516639
2.08711446167655
2.087666168138033
2.0896426841875027
2.091114123845357
2.0914452751212362
2.091688902307632
2.0931925870098387
2.096614550917025
2.0969781913284655
2.0983342509794976
2.0992886891900624
2.099838844807448
2.1037339745467034
2.104240792326503
2.105267876433819
2.10794098394937
2.108156373348659
2.1082527948545433
2.1089075757791433
2.109341699368647
2.1110127939976184
2.1153533198824475
2.116689985793647
2.1241289153964527
2.1245908060010756
2.1262002220527587
2.1280913627872673
2.1287159117740737
2.128738673095098
2.1290010030097526
2.1319128884473724
2.13195610644641
2.1328270902850335
2.133609830561891
2.134491141993078
2.137180820874789
2.13723164625513
2.137700816869521
2.1379033175825146
2.13833798805238
2.144989207082939
2.145335301321817
2.145890167892779
2.148467217036336
2.1485279927125167
2.150300508227954
2.1503304483527543
2.150839296299712
2.151087180015229
2.154460913370037
2.1551751557266483
2.156994869679541
2.161153015835692
2.1629483101539253
2.1634210010564474
2.1650538530885206
2.1652695401777535
2.173303917780363
2.1748613176041323
2.1824623747923657
2.189046170640153
2.190915414933111
2.1951822473938365
2.2008189123552477
2.203014682690959
2.203833216125704
2.2067155905694738
2.208854774276482
2.2102612863451774
2.212344492438181
2.212989775918379
2.2162484587503206
2.219125637369385
2.219841377552563
2.2228702434171033
2.223546183001559
2.2246642948749535
2.2276981734876085
2.2281886346822195
2.229511124328207
2.229830420370935
2.2366674924200254
2.236823122420012
2.240793647398322
2.2412211278623717
2.2427344167519876
2.2495710498464225
2.2513254939533023
2.259805440619284
2.265012722809795
2.2659751750846473
2.266436078991834
2.269179137046327
2.2711179954819314
2.273510253060905
2.273637953319539
2.273884462390301
2.275956098135131
2.2796859148122426
2.283133341629852
2.28471782275289
2.285546395541661
2.2871504162448013
2.2967208131772736
2.298155874694987
2.3047207604257673
2.304744496249874
2.311173621212731
2.3118381953526246
2.311957219176235
2.3132815579381205
2.315891046406374
2.31864663013533
2.3205912581134123
2.3270075284422966
2.3292764110750905
2.3305519549204226
2.3309036756194383
2.3339141214327737
2.3409717657288107
2.343126316393191
2.34336200917787
2.3440482627738923
2.3494079366693614
2.3509272965797505
2.3514697583134545
2.3556408399862656
2.358177830487908
2.360063524000372
2.3657212231446447
2.3704717271269042
2.370577953091524
2.3718928067044547
2.379492019670937
2.385187943661821
2.385407433681095
2.388572376388608
2.390970935858861
2.392936850920363
2.394524745298861
2.394877579441132
2.400240056716094
2.4011746230220825
2.402771159763388
2.4105641332657664
2.4183108573885823
2.4215031086257772
2.423395743756175
2.433343579986762
2.449181444860613
2.4537087195984317
2.4620800066456154
2.481427300996251
2.493530055753683
2.4935806956278777
2.4940609665128464
2.504061515531871
2.5079507531515426
2.5109003367045237
2.52547914522619
2.5783541135240453
2.58186037155645
2.5896511097683512
2.6248522429545957
2.6488029420582455
2.6571541256684417
2.663394566361617
2.681640731786472
6.429959194007977
6.429959194007977
6.432515891160325
6.432515891160325
6.437466628129033
6.437466628129033
6.452295973954358
6.452295973954358
6.5191146419801
6.5191146419801
6.542214780346002
6.542214780346002
6.542491962760262
6.542491962760262
6.5474840451163345
6.5474840451163345
6.552911338392119
6.552911338392119
6.575206564231099
6.575206564231099
6.670803366559901
6.670803366559901
6.67946837644594
6.67946837644594
6.789092164867478
6.7940083714641935
6.814919531633223
6.82847736920321
6.831342456290652
6.831414597314887
6.836265814203146
6.848239591949552
6.858612886901685
6.86719337083674
6.879782184906935
6.888933082591822
9.270693681056994
9.302922182176907
9.303561733123548
9.318364661742342
9.348267581956602
9.376251102715097
9.429581852546965
