0.7547566325733349
0.7673026448289113
1.0587140009860614
1.127184066635192
1.5443732094800884
1.6934753362668735
1.7135466219304079
1.7142238244682309
1.718656614197773
1.7200251429060909
1.7378498571744563
1.7486130292352438
1.7894312079085781
1.7895783328033403
1.8043818813477273
1.815240438232188
1.8227734866937835
1.8448107855688733
1.8639554680236239
1.8669450938215888
1.8912056965124229
1.9008977484677563
1.9236446510662895
1.9355434285374982
1.9498508640291958
1.9514489266422534
1.987123762210326
1.9913213204941702
2.0114867454198655
2.0190496180198383
2.043683760200545
2.0507421522325133
2.0523008756900896
2.0582719028635297
2.0699912120610233
2.07365171020241
2.086187356660291
2.0863190646817036
2.08881845922245
2.106794892980125
2.1084226055412114
2.1110593954593146
2.1146197406303284
2.114894208028093
2.1201053942449364
2.1204319346505858
2.1262539188763037
2.133182430149948
2.1400805491939283
2.1427245049578296
2.1473138217016934
2.1689566560469107
2.1957135759912827
2.204065198350888
2.2042750731776377
2.2122881545703
2.214939054428465
2.221191221321589
2.2274274259805895
2.236067197665878
2.2492947272621646
2.2514541134709987
2.2572893294579943
2.278113374169393
2.359269699896053
2.3642964411022755
2.3645991906451664
2.414034122470044
2.519500228314777
2.557971190767815
2.5593851304576734
2.560030885162467
2.5700013596145643
2.6174260824980764
2.622993619986025
2.693831031083987
2.6957150356850867
2.7007791573923114
2.738702912796467
2.7782004604332333
2.7874054782320465
2.795388725561636
2.8138984142671015
2.8175439461413436
2.8492995223175663
2.8565745820983373
2.8573894255062475
2.8664836143828656
2.907273120565383
2.9194636284810747
2.9246577358929113
2.9344290724695314
2.9381031091477237
2.939595776482267
2.945202884572489
2.9492396937998655
2.9529180972491798
2.9530660517527854
2.958607849763066
2.9627812577247
2.972047458578135
3.0005439199772845
3.0260089083749993
3.04313057617082
3.0491259943166478
3.0792443520304524
3.119830463979899
3.129653034229002
3.1339309434591835
3.145543452137961
3.2095492622422155
3.227104467071977
3.2444872564520453
3.2636785208316486
3.2640518321634437
3.2685009924181814
3.2704072832790403
3.2706953999816912
3.275304331562224
3.2799088516599073
3.2947040995633463
3.3057961078249143
3.319442035929667
3.3508773204877653
3.3531072405237747
3.375050861862145
3.382062758653528
3.3992701227693414
3.4018487107358975
3.4023730202547884
3.4043546122735937
3.4104898178175262
3.4294869130516195
3.4342545469297847
3.4483653379507366
3.48927168986792
3.496245181870392
3.5021393732828603
3.507093891279625
3.5491286591841487
3.5683245588158394
3.574222612607129
3.5833548190322793
3.5848088393449817
3.5942421335821932
3.60154328918728
3.606365286693299
3.631618543660271
3.6354068899062835
3.6406163196384873
3.652398931013121
3.674231840098081
3.6759438737566796
3.675948714239877
3.6772127296584163
3.6827456994262633
3.69118368562158
3.694312416362862
3.706365515767334
3.7082432629107798
3.7140427287339315
3.716293545060352
3.7368958744059935
3.746867810085619
3.7509948883212525
3.7520138777156538
3.753245920611438
3.762683730409927
3.763308266781006
3.770594425304622
3.780543341911427
3.7941166321744815
3.795419482188822
3.795553211990556
3.802622655427857
3.83173784683458
3.841852259054524
3.84489129427043
3.8457656649039054
3.856579983323198
3.870559766617142
3.8924502925103672
3.8979151228815487
3.905936149109472
3.914537059833536
3.9149352630290983
3.920247630016081
3.927991733112467
3.9502095883272195
3.958093105295102
3.964851048707914
3.965347973953102
3.970706004567399
3.978750942652985
3.9799092592773575
3.9801767168768296
3.990376471162126
4.003485579051402
4.0090544926655705
4.013560352663683
4.043086246194253
4.06501966367593
4.077142211467624
4.0939452372434815
4.163834444382406
4.177452713669937
4.201899916488554
4.231827375862609
4.253201831271667
4.2539596558572335
4.2781658791592045
4.280465871371565
4.280818550699763
4.2830312642477875
4.2835441938427445
4.291245255566674
4.2974513318447665
4.313315853053832
4.318550499654274
4.32062895579937
4.322785481257823
4.32877938420128
4.329751091455266
4.337487854060387
4.343078891586715
4.348233610667921
4.348400615924499
4.3487077859083545
4.355272402340491
4.356862645643523
4.359081226352063
4.368393889882014
4.369644654003798
4.371698248253175
4.374375645363927
4.374922399931726
4.376123541599512
4.380274814104484
4.390407279571606
4.394294682537118
4.394459743673465
4.402136445187823
4.405048245829289
4.408992079456979
4.4115389665206886
4.412341790861794
4.4140490821067875
4.418287024166756
4.419825338499169
4.420946104390914
4.421200605165464
4.422003419458565
4.427463027325961
4.427576165335682
4.434371357949397
4.437095398181358
4.4408990401497785
4.448983078472865
4.457757392793984
4.459507308156674
4.464201624586954
4.465747782946737
4.472006494037641
4.473473839488064
4.4779708621153995
4.478498184776381
4.4807765927792405
4.494066917013607
4.494219753782337
4.4997332912682095
4.499934784460896
4.504221238452103
4.525612061070889
4.528727571774849
4.554652681829664
4.559745013638898
4.560422857704802
4.5761923831356714
4.580047078217737
4.608360603381141
4.608393375573411
4.609050143731688
4.611700335854401
4.630811300401808
4.638095434858523
4.665746697602079
4.675408949066795
4.676568036020754
4.677369755450769
4.695067144608194
4.697180618165085
4.697463607437002
4.713613848429759
4.717518128837191
4.718625746707997
4.722540647175135
4.724798371338721
4.733837075667216
4.737593023362569
4.740072287567198
4.740884974323845
4.741277569265269
4.74132264695271
4.74390814763396
4.74826499602408
4.751209633065326
4.7524190832714925
4.759988818832514
4.7609820867149635
4.761078193241315
4.762380660044006
4.780912136043327
4.78799520569723
4.791279249683411
4.800314981704546
4.800590627447912
4.805295741344232
4.809209095876322
4.81996494655682
4.820645708139857
4.821215357614299
4.8219796230868495
4.8248326157888055
4.827227992404923
4.8293891351537415
4.830917639170173
4.834239421361749
4.836824841993472
4.8378347449466235
4.846267026049673
4.849569389921932
4.850987561043594
4.856426758933373
4.856862392612963
4.862261406127601
4.865858701250078
4.865967689339701
4.867193681803977
4.867866080250943
4.872271764786719
4.872868769142785
4.874607398242969
4.875250934675538
4.875295064610306
4.883119006486737
4.888195603499328
4.889658439335763
4.891393291742163
4.89224860758678
4.893439715401882
4.895330579801436
4.89567725893899
4.9015013173582895
4.901813549213663
4.905060986790129
4.906960074448265
4.907074173287897
4.907574745699566
4.907662454153682
4.909333946148039
4.9129375196051095
4.913515497417185
4.915402072371277
4.917397815483845
4.917704318280456
4.918325610946842
4.920916985898982
4.9217232124027515
4.9227560421538294
4.923245120848973
4.923691422613348
4.923869987235901
4.925032408208593
4.925256490836082
4.925749844063666
4.931739393438679
4.934166926568439
4.936258566070585
4.936266209989313
4.937709790194435
4.9379497698721915
4.9380209858789055
4.939066124550552
4.939144710411217
4.940815731529646
4.941046213621009
4.941446968038375
4.941830183862863
4.941835491459845
4.9425717198505925
4.943734822153283
4.944290402494874
4.945468428185021
4.946386979396706
4.946645126249444
4.947721621392165
4.947829867611491
4.948788099906331
4.949827863981114
4.951380993000762
4.951514392284997
4.951673491524483
4.952387191349115
4.952519125612275
4.952882549871297
4.953256121339553
4.9538373230093296
4.953912918329736
4.954398852814496
4.956250804337125
4.956415679372587
4.957130002153617
4.9575500749195704
4.957588731743795
4.957850887310695
4.95934960494859
4.959612685117348
4.959755337998324
4.959830843476735
4.960924319007947
4.961179317667659
4.961558754436162
4.961706476355107
4.96202132235447
4.963141684279736
4.963484176345424
4.963520885020415
4.963579113604795
4.963692360293366
4.964129109544438
4.964218610514674
4.9642267965743505
4.96438080457521
4.964688516481983
4.9652037272144085
4.9654684301812155
4.965608636646535
4.966074757963364
4.966700273058219
4.966828019117216
4.9671660587574795
4.967360707145288
4.96754311284061
4.96763527138492
4.9686573818651345
4.9690580829683855
4.969146994415364
4.969397095082601
4.96944869933194
4.969516043961877
4.969647030437649
4.970100916781946
4.971757825134914
4.972018925431922
4.972667114163314
4.973154387987472
4.973181136515934
4.973225606886189
4.973252452803813
4.97351691749797
4.973940357785933
4.9741943887580105
4.97497386961043
4.975194901095941
4.975944583827854
4.975951602321762
4.976562401791178
4.977372587160803
4.977585493458164
4.977591006321055
4.9776309830087015
4.978292518667326
4.978490626007163
4.978523305573765
4.978629761574899
4.97867102290634
4.97875239804123
4.978828945382995
4.979075223773166
4.979088325939894
4.979911804311143
4.980038150706612
4.980265337414918
4.980719931066255
4.980771996551939
4.981187847635166
4.9812583215112864
4.981358420947527
4.9814779388719
4.981488860313059
4.981497802266817
4.9820564283978035
4.982137506329515
4.982406504761539
4.982529448477004
4.982541935609861
4.982747238609041
4.983722453162077
4.983727351899889
4.984237261169139
4.984458292856264
4.984610495851399
4.984688574829968
4.984832798651565
4.985102588511707
4.9851281320208
4.985279136824991
4.985420511451529
4.985873799070835
4.9863183418060055
4.9865021863210846
4.987042277081602
4.9876988646734155
4.9880533443584545
4.988061545053365
4.988091059058344
4.988176380399795
4.988261884138253
4.988750201613319
4.988828770962971
4.988973692571453
4.989588512149987
4.989638957088515
4.989674356788481
4.9897759346119885
4.989776835381336
4.989850985763017
4.989960805449847
4.989965059923211
4.990298182548153
4.99036019414024
4.990399859034581
4.990441083392456
4.990455567693207
4.990553690168963
4.990740200744572
4.991139417909611
4.9912386338103385
4.992093650106826
4.992244355819683
4.993911814696711
4.994098907999849
4.994252296290016
4.994482063216742
4.994599072706757
4.994818897409601
4.994864611968731
4.99487751700247
4.995282481458507
4.996433044020443
4.996746575570515
4.997028738822808
4.997266746220297
4.997271338391539
4.997445201906093
4.99746335404316
4.99766930541833
4.9986359521912895
4.999421171773204
4.999519302728205
5.000855413921613
5.001008122759753
5.001095239967359
5.001682227047046
5.001710868922586
5.00173904758962
5.0018457379830865
5.001914750053074
5.00193708166857
5.0024645390590585
5.002553250140242
5.002861954579296
5.002983127308902
5.003726045490445
5.003942400085616
5.003946295331685
5.003972184189274
5.004028228399528
5.004107733802038
5.004365444615117
5.004898174659516
5.005269737180548
5.005522284535918
5.005732004134041
5.006256450711693
5.0063113346386015
5.006485683093421
5.006504777106379
5.006679090031221
5.0075256497773015
5.007607486792767
5.007736129398718
5.007803300108603
5.007951488757914
5.007977548310502
5.0080613458654275
5.008338204283586
5.0085007016066685
5.008509836999166
5.008521522754275
5.00873740328395
5.008912237651396
5.009093544919945
5.009394947351916
5.009454333728784
5.009678852027942
5.009712918417792
5.010603520116738
5.01064849682717
5.01118873666238
5.011211267025623
5.011218514851195
5.011541997444771
5.011652099286365
5.011898805753577
5.012041844248026
5.0128142827840705
5.013291084070085
5.013304753353399
5.013346917613699
5.013363050351984
5.01347071632802
5.013910098813945
5.013987292908192
5.01404409967265
5.014101330901832
5.014184723866537
5.014369884710739
5.014605847799487
5.014709104687445
5.014735670703349
5.01476259283651
5.014923352322784
5.0149276759896315
5.015227682336409
5.015415642972933
5.015766593081526
5.015893774714382
5.015963238505846
5.016513997193675
5.016660608925485
5.0170646686523135
5.017238807871094
5.017253635285582
5.017415233829278
5.017929787205331
5.018414482239242
5.019328010976691
5.019707027594529
5.019853501054666
5.020828494540978
5.020905296902572
5.020935647361586
5.021048493771369
5.021547171033578
5.0217439218187705
5.021807717930746
5.021943534202735
5.022280869870229
5.022514958587011
5.022737667862085
5.023280621795448
5.02354049792115
5.023684609446283
5.0241423883510805
5.024156934672458
5.024176725449133
5.02464983131869
5.0246518425498685
5.024965450875536
5.025678835819396
5.02613997993287
5.026294771964376
5.02647276744639
5.026937960115844
5.02743058015512
5.027467260279579
5.027945152965979
5.028005625292486
5.0281887637407525
5.028318585878316
5.028393543994678
5.028508506770935
5.028919443973267
5.029407089541959
5.029426926958192
5.029527258878205
5.029697097451802
5.0302886312757735
5.030327898724909
5.030454255067434
5.031061728732748
5.031094812706211
5.031416436164595
5.031758270714163
5.032878023566552
5.033246653697071
5.0332517258650995
5.033444747483444
5.033578610680091
5.03361665317084
5.03573393200541
5.036571958877263
5.03663576849103
5.037184889658752
5.03765133093396
5.038248263851013
5.040029737186751
5.040277667964838
5.04171126420841
5.041791049418399
5.042181311845556
5.042337737676633
5.042496070400018
5.042591211823056
5.042653995482542
5.043245160899273
5.043834182995504
5.044926135092025
5.045297901667826
5.046257892301573
5.046297491249356
5.04648187322862
5.0498140962655365
5.051555241053276
5.052512976415733
5.052887306732632
5.0600779760482055
5.060176089235496
5.062180210471
5.06496062705257
5.066389779359482
5.067386403745416
5.069871543228733
5.06995624391971
5.070442484987091
5.070752139183944
5.071483335960806
5.072492129397772
5.072603813005286
5.074626428978886
5.076102340982844
5.081722317193802
5.089163461327173
5.1047541048894445
