3.1510942832866404
3.152257895389346
3.1536918717358806
3.2274159425815814
3.329865087760534
3.3384078340094328
3.339328601014317
3.339985026998989
3.351555902941213
3.3523964855181667
3.352479696659384
3.354683548617807
3.363510969742323
3.3738805368436755
3.4024780668644827
3.4088435005762516
3.409879011834482
3.410094909344786
3.412627132233636
3.4139141241137625
3.415502829526012
3.4314461248386814
3.432799251049121
3.4330355429354826
3.435646113950808
3.438522133274006
3.440402255639469
3.440781366563003
3.4415777919901185
3.4442084252122935
3.44986078690534
3.4526800495348224
3.4960617098595446
3.49658855912178
3.4968324308893943
3.4972807674688333
3.4973090954512505
3.498262430143378
3.4997649778285425
3.5004998092701882
3.501274133557816
3.502014929663462
3.5023329657931166
3.50380498469345
3.5054179363498936
3.506204287108084
3.5064726204217327
3.5082264362790374
3.5102992086744136
3.5107796609272954
3.5108937520108903
3.511248039451534
3.513644885605527
3.5142321503078047
3.5266565916160593
3.532967124321435
3.536610341480544
3.542893927353564
3.5497684391579267
3.5506298197606974
3.5555867415800506
3.5584817000040494
3.5587523818914413
3.559180962426826
3.5594566083181904
3.559484917286319
3.5639127420034646
3.563940941161689
3.5646050319602405
3.5653807315571435
3.5654675683430406
3.566254229468816
3.567389609202099
3.567649212037093
3.5682591095065392
3.5693750901816155
3.58083373272503
3.5834501197917876
3.585040351686637
3.588236682138691
3.5943416598852065
3.594430779907021
3.5982031678033786
3.599163497961049
3.604863501960717
3.606406929572412
3.606881593454935
3.60872398430416
3.6226222347893917
3.622676833454302
3.623430004388724
3.6234594176953476
3.6246733712567805
3.625172510030217
3.629451604131558
3.630277034492127
3.630698813856871
3.6316656157607303
3.631917412005016
3.6336377727441365
3.6349818033588517
3.6369958006880565
3.648791839387185
3.65028984000196
3.6519765715792993
3.658364605486597
3.659033554473622
3.6620435112457574
3.663280406752466
3.664404130116925
3.6651415150504705
3.6666227744499222
3.6672152733978214
3.670431551855498
3.6914178725803932
3.6951276919407676
3.695135979628072
3.695366994257062
3.7049330527532445
3.707852712937434
3.7079393295307512
3.7114362842143405
3.7123867949378324
3.7150780518948308
3.7172260367091794
3.7187448629944613
3.726341085418443
3.7269509073862483
3.727969342421207
3.730114941630252
3.7313808551000482
3.7343953362389826
3.744039160493327
3.7443062096596678
3.7464707573592833
3.749607500690552
3.753286365113392
3.7545775929857736
3.754981102230019
3.757927522248479
3.760011735093367
3.7693150212496627
3.776273624737954
3.7781841483453915
3.7787351484316676
3.778799583738115
3.7788136738386764
3.7798093247559694
3.779997541256226
3.7810865440454147
3.7824284257352376
3.783429563750659
3.78809594294894
3.8075646110063937
3.8100057542348194
3.8701571267183756
3.870834658148714
3.881155916592613
3.913791944034068
4.3907008625546595
4.395113867358535
4.418397901709105
4.453646198114019
4.48659344401456
4.499903296910647
4.511243228461394
4.525221285568233
4.552482203928145
4.600791230634015
4.653052172207985
4.654902396534651
4.682086942295706
4.687190463047108
4.693034609081409
4.693501212714156
4.696261794271342
4.70129533190883
4.720574604259347
4.72700951255198
6.034240204630207
6.088485993195648
6.09391512926508
6.1848266524294475
6.23261799182797
6.237480590077406
6.284591689081643
6.287247298472938
6.290126341088214
6.495961621325401
8.118286345745597
8.128621629810393
8.183196095626851
8.216075993819045
8.50582257980232
8.506421200020666
8.595397801826724
8.604261991094772
9.359451370619444
9.360442694589075
9.407933415551616
9.4106524414648
9.430521695683328
9.433085044976885
9.439184878721003
9.446545685085642
9.47040438054565
9.473706252167707
9.478068929139207
9.486049120583392
9.491971159065129
9.49408776820052
9.525284841686084
9.530376097606654
9.54272970679067
9.542985527731366
9.634706575412467
9.637760024368502
9.68455386813899
9.68455386813899
9.685315601983936
9.685315601983936
9.714291569949832
9.714574806967208
10.070163576909584
10.121888455042606
10.123006837535335
10.139948658376442
10.141500768434849
10.169359899999268
10.171378387442525
10.187838418119581
10.195833014998698
10.200613050428265
