0.3137179220197488
0.32068058779381975
0.3585268357382926
0.3606203455040807
0.3618538983091504
0.36237996819541807
0.36465972047284534
0.37911986390549157
0.3816613162486647
0.38672266222458274
0.39685794376936584
0.41853700486419565
0.4226258080697506
0.43590089868065324
0.4387452490531164
0.43920406847174803
0.4422783553011839
0.45020188712858994
0.45044684370736193
0.4580951510604383
0.488657577583499
0.49315476757515875
0.4961056786579879
0.49729397048019536
0.5166193787579545
0.5191070558238837
0.5195255422340154
0.5238997759720482
0.5400527884784617
0.5747878655119701
0.5759266365027098
0.5768473749296037
0.5783815332923505
0.5792848434325285
0.5855553093948752
0.5890917506835784
0.5897405619085412
0.597963267509592
0.6158092987683543
0.6186110426936754
0.6250824578277393
0.6400737737998886
0.6433535966764851
0.6469090212670118
0.6475688187618066
0.648740756215696
0.6648256169175596
0.680069673608786
0.6923780866143724
0.69301169906089
0.8175537220182411
0.8981218072587053
1.3790578793607076
1.4050658276778336
1.4188192190890163
1.669948500996798
1.678296752378775
1.713878381877123
1.7190549847871812
1.769100691025813
1.8783073039642102
2.0116215122763395
2.0347461143310657
2.054828415057966
2.0760334390034374
