1.0301558040563938
1.057894589537451
1.2726548119049619
1.2782847081417723
1.2786989470652632
1.2805389281321138
1.2831997355873972
1.285715706790255
1.2864187442405761
1.2877054405893669
1.2889137876184085
1.2967167664056143
1.3027664577427998
1.3027722970540607
1.395941045285645
1.3986014273543694
1.4015371534009131
1.4017728384173154
1.40370813368947
1.40395343571227
1.4043306007817804
1.4070333615492163
1.4081396209741703
1.4091705157310863
1.4098520006157775
1.412134966480137
1.4125757280083984
1.414310137691652
1.415594571605275
1.415899918013646
1.4168173581672345
1.4175234469648985
1.418322118375007
1.4194028795491411
1.4197604080457271
1.4200519703967116
1.421631830540781
1.4216863711753907
1.4218437658950402
1.42196192340925
1.424492766107264
1.4262780906662964
1.426308529111281
1.4289173936927664
1.4293723407877659
1.430435497563153
1.4363988657620104
1.4382112255536723
1.4387545227554626
1.439877660745739
1.4402814505336532
1.4405394903782283
1.4484072370841377
1.4488405428106197
1.4496296243879354
1.4514626625020035
1.7661034944890308
1.7717036573197331
1.7741275987170293
1.7815943308939026
1.803894989467812
1.8183611709389573
9.769783045561676
9.769899720058927
9.770868647715044
9.772069747325009
9.772354578824785
9.772506327854249
9.773232687078522
9.774134652068318
9.774386954651332
9.774771813230076
9.775149928094063
9.775445671118561
9.775580598590391
9.775679001951106
9.776546655119157
9.77685649612295
9.776925208800213
9.77698910263822
9.777270645982432
9.777495150878597
9.777994417711284
9.778005386314032
9.778523139142916
9.778537722860733
9.779640277219887
9.77984951176169
9.780458826588825
9.780757938171263
9.780760655662826
9.781472548936978
9.781658126491424
9.781853290521532
9.782190515759286
9.783318546926504
9.783480900994642
9.783827810094449
9.785274957173305
10.040424293624957
10.040863573543852
10.043107812948218
10.047269681077546
10.047665208185379
10.047818825546813
10.048179602898767
10.05332911286416
10.053489753848469
10.096007270654487
10.097214909076488
10.098417841652235
10.100359896284916
10.101366994939557
10.101439266830912
10.102971157680551
10.104363235307218
10.105749479623938
10.108762793842262
10.121192930476658
10.121528123215475
10.12155324039461
10.122746417128154
10.12522416372212
10.127694946501693
10.128720654816801
10.12899345817896
10.129140129181149
10.130216862555388
10.13161582114874
10.132926307070845
10.134281514917683
