1.1021643785302493
1.1024614120729173
1.102554689052153
1.1028428675587176
1.1029622903945662
1.103230996420825
1.1035832163083805
1.1038629065198802
1.1038690293183997
1.103883168442443
1.104060621386046
1.1042015238228309
1.1045052161998088
1.104526888047668
1.1051386418578617
1.1051675915641164
1.1051901296944702
1.1057315168680886
1.1057785280832138
1.105783193775563
1.1058873080306182
1.1062492454274426
1.1062517785310129
1.1062674617868091
1.106652515025986
1.106654903599668
1.1067373321419671
1.10674564159096
1.1070446851060058
1.107231110118381
1.1072884453105678
1.1073877916582695
1.1075512658916538
1.107853195027077
1.1079155286945015
1.1079923395543338
1.1080211525118644
1.1082205809266439
1.1084888076955273
1.1085148083436616
1.1085424127529637
1.1086096103584502
1.1088692498240549
1.1092336872196875
1.1092802191732896
1.109316436819926
1.10934997466608
1.109431568056465
1.109662073354594
1.1098925256307626
1.109952209701184
1.1100004904110503
1.110016605612732
1.1100285331318103
1.1100626622083658
1.110223023407971
1.1106159046569115
1.1107966391528288
1.1108355496011553
1.1108688111893144
1.111000525013296
1.1112261562148247
1.1113280503536505
1.1113797936890304
1.1115073877641386
1.1118143621336725
1.1119210871335279
1.1119576962360818
1.111984441362178
1.112060290104819
1.1122284599275598
1.1122537094767282
1.1123468197776722
1.1123727234195677
1.1124038925789954
1.1125907451229688
1.1126124899648915
1.112696569464087
1.1127658883927607
1.1128526107040368
1.1130377430246166
1.1130890821932455
1.113244487471093
1.1133499273652836
1.113509918290584
1.11352281867803
1.1136127073173896
1.1138485984783082
1.113898662691011
1.1140776398499574
1.1140961863196353
1.1141081468434668
1.1142674492107856
1.1142998484289852
1.1146086433392475
1.11474655309788
1.1148016540394206
1.1148218857285528
1.1148273019681314
1.114888430189569
1.1149185703998206
1.1149232720444247
1.1149798149090517
1.1150199816115816
1.11529530338242
1.1153404378433904
1.1153501360498996
1.1155202175070507
1.1155279692604623
1.1155417019616953
1.1155850646581411
1.1156811361056527
1.1157520913854684
1.1158753195514566
1.1159304885919747
1.1159891665500563
1.1160182902728886
1.116118200553697
1.1161334111809253
1.1161470310620365
1.116155828787167
1.1162017509793487
1.1162645727084388
1.116277506963962
1.1163772708718755
1.1163774519373864
1.1164241874117606
1.1164244419334401
1.1164979401618025
1.1165278068636504
1.1166662066290731
1.1166863963818399
1.1167574365597936
1.1169734821582804
1.1169878705629486
1.117100418224706
1.1171178408221443
1.1171284438414697
1.1171510198535133
1.1171518211353104
1.1171776845868326
1.117212429980815
1.1172271393963225
1.1172294276049253
1.1173882868650205
1.1174202249668272
1.1175662460943523
1.117672326864274
1.1176784289041666
1.1176807360964973
1.117687894741295
1.117694776761265
1.1178361876825984
1.1178782118800994
1.1179619336052953
1.117963830930828
1.1179702350386842
1.1179860895608855
1.1181607487061123
1.1183807860602162
1.1184202553952838
1.1184324411507358
1.1185812704832667
1.1186694518195643
1.1187616603414332
1.1187721942004036
1.118785216896621
1.1189475608929522
1.1191471802999866
1.1191489059690505
1.1191765929206747
1.1191945101784686
1.1192455212156853
1.119287378627483
1.1193020960528046
1.1194532202365695
1.1194606774887728
1.119494075180383
1.1197873844573678
1.11983161217406
1.1199144114783508
1.1200261629588977
1.1200467367465798
1.1200477663357982
1.1200635318971186
1.1200707108566221
1.1201054645719186
1.1201689407576894
1.1201864218238506
1.1202168518998963
1.1203900188373634
1.1205429591465386
1.1205776112791843
1.1206123699093196
1.1206498085536363
1.120762286515269
1.120787101770873
1.1208058984689078
1.1208399582286872
1.120913042262638
1.1209263550413961
1.1209710658209835
1.1210268197498239
1.1210324173820796
1.121082530243259
1.1211930208830196
1.1212967609252977
1.1213523569226715
1.1213779362378453
1.1214622286872837
1.1215945866597452
1.121596156113592
1.1216423283409047
1.1216509587226595
1.1217135088291814
1.121746449043097
1.1217572382941163
1.1218819956109116
1.1221178798164149
1.1222276597407856
1.122245210697513
1.122383272387883
1.1224662702167498
1.1224915548902838
1.1225068786021801
1.1225406812083893
1.1226224547310677
1.1226556513027521
1.1226628287779294
1.1228127702689223
1.1228894958459268
1.1229221759634196
1.122962654010298
1.1230947365594854
1.1231556248511196
1.1231616702121614
1.1232564335434763
1.123326695000969
1.1233294673065524
1.1234018777311545
1.1234069747379276
1.1234568541745034
1.1234801050611842
1.1234870423903216
1.1234934622446489
1.1235481287302107
1.123702912879547
1.1237290810166911
1.123731968613884
1.1237986465620002
1.123845200365953
1.1239118884412707
1.1239904848386217
1.1242036914455467
1.1242128827745492
1.1244509758571968
1.124534596503099
1.124559343714729
1.1246260284029046
1.1246875551831714
1.1247271897820097
1.1247338746492292
1.1247479026690566
1.124792612209268
1.1248104115053055
1.1248187492734536
1.1249000352154455
1.12493790467064
1.1249686009333297
1.1251202301360441
1.125163996960953
1.1252426478188442
1.1252908481794979
1.1253111547702799
1.1253640293298117
1.125418049601601
1.1254579311952315
1.125487377102746
1.1254965297086557
1.1255241649776846
1.125576694936905
1.1256024952281714
1.1256035571858185
1.125876827138674
1.125903577319233
1.1259591127821387
1.1259806550905458
1.1259980609493874
1.1260647512848845
1.1260755993808431
1.126119698617629
1.1261570167341115
1.1261771066617836
1.1261921059997584
1.126210479425941
1.1262241681233642
1.1262513200618103
1.1262725079674532
1.1262821791832665
1.1263048087924148
1.126312439981804
1.1263630054955045
1.126491259178447
1.1265886580331803
1.1265984962101274
1.126666841795146
1.1267082403919986
1.126865448405691
1.1270490695857835
1.1270894838008814
1.127096467343539
1.1271543297378614
1.127156064646068
1.1271771240928754
1.1272694916858448
1.1274027900405037
1.1274264742691278
1.127462735923647
1.127463814980719
1.1275145860741256
1.127613013495516
1.1276450288283144
1.127740568646135
1.127750156913972
1.1278490759838593
1.128047240528478
1.1281301295721748
1.1282415024605694
1.1282865992215099
1.1283069036260425
1.1283194648304287
1.1283252481409711
1.1283448883338312
1.1286468442786792
1.128842096224015
1.129160924005761
1.1292303328207778
1.1292459027370272
1.1292904073773566
1.129366664094231
1.1293910953922714
1.1294260650591388
1.1296943331311995
1.1297514147454677
1.129774443144507
1.129952425855871
1.1299536941139294
1.1300000188570603
1.1301019746285885
1.1301435846700199
1.1302361094965978
1.130452841236695
1.130553205595194
1.130590204461152
1.1306415773647518
1.1309174982402515
1.1309204747256898
1.1309886588034006
1.1310333264486365
1.1311571990297107
1.1311980627641114
1.1312637578448734
1.1312916648876155
1.1313363000634375
1.131424221386566
1.1314740998784711
1.1314744093728326
1.1314966743079546
1.131615322742586
1.1316445970290876
1.131671779244657
1.1318045787425488
1.1318612979075378
1.1318731181477386
1.131899715396852
1.1319359808337075
1.1319526656597954
1.1322074084446003
1.13233554007836
1.1323448528205122
1.132405973064797
1.132496233309752
1.1325792041422387
1.132723540881627
1.1328416250040594
1.133095905060712
1.133285320042834
1.133464512708835
1.1334774522360622
1.1335227913189927
1.13366627793212
1.1336829533068071
1.1337415041127126
1.1338814244288093
1.133902404884206
1.1339395398473255
1.1340742367318355
1.1341597323787316
1.1342013048403279
1.1343026585211087
1.1344507647630742
1.1346754407066937
1.1347825940551708
1.134856601997397
1.1351051339286498
1.1352280197059155
1.1352759128985013
1.1353182150735786
1.135462891577301
1.1355325670651557
1.1356669306641194
1.1356939766788599
1.135765117359706
1.1357852117951939
1.1358081491481173
1.1359141645907838
1.1359600555682103
1.1361458042214307
1.136158758699512
1.136244889285311
1.136303208415843
1.1363997459227735
1.1365929072456415
1.1366566397619933
1.1367759355700506
1.1370641401817638
1.1370669854646007
1.1371624236012856
1.137286178172343
1.1373898873820625
1.1374168372687419
1.1374385652805585
1.1376211546905681
1.1376734895470446
1.137708232740623
1.137841731740395
1.1380049161927797
1.1380517293640546
1.1380619818498352
1.1382882183533758
1.1383480261280048
1.1385863189083139
1.1386508577580299
1.138852319758783
1.1389920552150028
1.139006625973767
1.139151023949933
1.139197915074681
1.1392201992244617
1.1392617586610037
1.1394019984971808
1.1394407755623295
1.1394760494240945
1.1396968042420443
1.1397828170182258
1.1398696355959004
1.140106800482983
1.140153523651888
1.14039049968949
1.1405703513543495
1.14057389566265
1.140681820101191
1.1409322018856063
1.1411222700083312
1.1411500238585954
1.1412193268734772
1.141309389207067
1.1413161988685574
1.1413859548543586
1.1414346607028873
1.1414541068342043
1.1415350806333642
1.1418113653698403
1.1418906848502623
1.1419318878259752
1.1425356849054336
1.1425746437650597
1.1426319461322036
1.142704448191477
1.1427375959580957
1.1428307152046406
1.1428356707902543
1.1429351685288929
1.1431036921363773
1.143258874053655
1.1433374455659377
1.1433438907271345
1.1433501013519283
1.1434813813690752
1.1435078036859108
1.1435179217552225
1.1435346321619178
1.1435352566260515
1.1436184723917007
1.143638039777052
1.1436431619989726
1.14364940846984
1.1437303408283268
1.1439975691975977
1.1440038135563018
1.1440965679043265
1.1441129962611258
1.1442033815829138
1.1442127810552114
1.1443148224386943
1.1443447260324657
1.1445373598986366
1.1445660694552888
1.1446426472167495
1.1448358914708936
1.144884775395369
1.1450408112226398
1.1453609142042704
1.1453719973796834
1.1454125536547552
1.1454181661086662
1.1454247947867415
1.1455887741963509
1.145668417569175
1.145698894743682
1.1457373094461898
1.1457853950020873
1.1458066254828216
1.145812554024062
1.1459405120940456
1.146129014242719
1.1461909531885013
1.1462465943844609
1.1463137455717871
1.1463432080346696
1.1464239164956556
1.1465566223114394
1.1465616947724324
1.146569242901947
1.1466784413468203
1.146805976623485
1.14680783765076
1.1468301966188341
1.1468329289061665
1.1468366220864046
1.1469330758366902
1.1469744390185665
1.1472142401560557
1.1473128335363991
1.147358409197188
1.1474634327433832
1.1475182268782091
1.1475373859100744
1.1475593759426026
1.1475879219367686
1.1475943367380832
1.147679137159401
1.147972145906782
1.1479912142386055
1.1480548541953948
1.1480962489912006
1.1481134240292403
1.1482557736087955
1.1482916888894317
1.148324492020225
1.1483428220708944
1.1483737791225799
1.1487040685649383
1.1487988271771774
1.1488612439307486
1.1490039679474113
1.1491586503373203
1.1491819792282034
1.1492093432740538
1.1492928031877883
1.1493597757272807
1.149639127895395
1.1497507530952145
1.1497539641440697
1.1497792811384095
1.1497831614316256
1.149840900954777
1.1499206245134244
1.1499503566694333
1.1499723199058514
1.1499936594257618
1.1500463977163242
1.1501486256892337
1.150165897614832
1.150194284024945
1.1502137992456767
1.1502249203159023
1.150261307895034
1.1502890926067983
1.150331343808208
1.150378526977002
1.1504213748261085
1.1506491054360537
1.1506631615288603
1.1506694500830006
1.1509144063588679
1.1509545259579583
1.1509690736873959
1.15121416855711
1.1512903554200382
1.151307358375101
1.1513976158722152
1.1514076188750826
1.1514114341427164
1.1515174822426653
1.1515285930971608
1.1516094142430509
1.151701862308652
1.151769698085804
1.1519016147805021
1.1519692883497583
1.1519748779708214
1.1519877980212219
1.1520276912425764
1.1520712771513903
1.1520846833395608
1.1522221073633614
1.1522583522191236
1.1524797155235327
1.1525122557049685
1.1525460658379814
1.1528991061234986
1.1529029100535042
1.1529257778413717
1.1531655242580525
1.1531723815158494
1.1532160341395195
1.1532166442633571
1.1532460276326166
1.1532754242601613
1.1533004316172573
1.1533077881297733
1.1533614932198675
1.1533881278419649
1.153570595145331
1.1536323090953402
1.1537524090929612
1.1537751192166459
1.1538923493620994
1.1538972175285354
1.153999512426951
1.154060063297097
1.154108156995949
1.1541788230845926
1.1542214863086453
1.1543428148994914
1.1545714308454602
1.1546278869514324
1.1546682460905118
1.1548201261561928
1.1548830577516827
1.1551644280789592
1.1552175445421036
1.1554034666806579
1.1554454000347019
1.1554494552755121
1.1554678588281315
1.155663850255771
1.1559676119258637
1.155990729588722
1.1560009877479454
1.1561353770654221
1.156138685651265
1.1561804487429905
1.156200989617232
1.1562043191168254
1.1562452352545172
1.1562972291423665
1.1563860938293307
1.1563907961550395
1.1564053696189887
1.1564266085997053
1.156450753052157
1.15646769638889
1.1565857148341772
1.1566164988132528
1.1566553016236545
1.156693225124012
1.1567822392951899
1.1568182782363006
1.1568355709308615
1.1569696122233275
1.1570057989924287
1.1570925344523553
1.1571633853764964
1.1571985140449792
1.1572404967339238
1.1572664268323833
1.1572668562040194
1.15730991535657
1.1573326961461174
1.1573755661880365
1.1575455272089008
1.1576036305684383
1.157741168845492
1.1577472373394218
1.1578237722259295
1.1578623474598795
1.1578795836133835
1.1579049369609882
1.1579360717164628
1.1579881633475175
1.1579992840337054
1.1580323402133896
1.1580378017977864
1.158059342978708
1.158060056207005
1.1582174703486354
1.158289738937338
1.158380932694158
1.158411641618174
1.1584377401990407
1.1585269120556483
1.158544793805922
1.1585627277886927
1.1586675375202666
1.1586723389888736
1.1587468164131973
1.1587885501537307
1.1588014529929762
1.1588584443233914
1.158874861164337
1.1588766839734572
1.1588848191557823
1.1589083284916355
1.1589328617721684
1.1589751698787416
1.1590250147515042
1.1590580716004746
1.1591150812335773
1.1592287229417775
1.1592932002926002
1.1593855403996884
1.1594096149666717
1.1594788925231259
1.1595307236083636
1.1596538275112103
1.1596605102882274
1.159669497165341
1.1596717287617881
1.1597736276334576
1.1597831964491083
1.1598089275469816
1.1598161104078129
1.1598431709358616
1.159879547569576
1.1598931749936572
1.1599211434656906
1.1600149754176832
1.1600851647278472
1.160137411578229
1.1601428278211194
1.160157365758539
1.1602415882871473
1.1602428858120464
1.1602975622773382
1.1603283334314582
1.1603619455932757
1.1603690224150405
1.1603693684519152
1.1603955373414019
1.160497967169031
1.1606086005026375
1.1606281823858169
1.160843961804429
1.1608480240100436
1.160905317092226
1.160924421515948
1.1609272271307411
1.1609628163444803
1.1610142233573493
1.161039889829773
1.1610469591215469
1.1610713386771043
1.1610723594501184
1.1611040724008688
1.1611100879955254
1.1611996077625648
1.161260215508014
1.1613853258522013
1.161417316039041
1.1614574750036637
1.1615913419347381
1.161604144236794
1.1616273381734106
1.1616827116524742
1.1616912972436353
1.1617108043563698
1.161783027246903
1.161912427964543
1.161919346876288
1.1619264142264085
1.1620984855883365
1.1621215968369094
1.1621801389247914
1.1622393893841791
1.1624008119624045
1.1624391701544616
1.1624648210863637
1.1624761285540428
1.1624849346855823
1.1626097957140435
1.162634000242968
1.1626861092444416
1.162690908593302
1.1626972326341993
1.1628154207485222
1.1628308306164914
1.1628624733221808
1.1629684661375566
1.1630412335628197
1.163084560764525
1.1631218164740813
1.1631515634373013
1.1632628233843398
1.1633112415451639
1.1633937677728756
1.1634303773943522
1.1635394458647872
1.1635474605120724
1.1636070895614445
1.1636278291432827
1.163638643104528
1.1637606417211586
1.1639490442787659
1.1640170723322145
1.164039050232825
1.1641698002023215
1.1642051163285503
1.1642826802626276
1.1643670499335756
1.164373900792206
1.164374068029788
1.1643965325014431
1.1644206159125587
1.1644236450913632
1.1644575873355396
1.1644976692634734
1.1645246686290298
1.1646893008063075
1.1646980361723467
1.1647250270444764
1.1647696425807057
1.1648139258028083
1.1648732943079838
1.1648825696557896
1.1649099609208764
1.1649505156553122
1.1649543584536661
1.1649659345228522
1.1650167762094308
1.1650374831074704
1.1650744754711202
1.1650787228331783
1.1651014065364587
1.1651191123943765
1.1651461151070623
1.165168353563206
1.1651917512922754
1.165205451544503
1.1652095908256874
1.1653105423833974
1.1653435680989643
1.165410623954131
1.1654583062610493
1.1654929189376628
1.1655012962463212
1.165530059273176
1.1655462195102813
1.1656134063731982
1.1656151618516721
1.1657797270382724
1.1658810163122406
1.1658828529875822
1.1658896170082562
1.1658953976119175
1.1659105047554341
1.165943970239498
1.1659741940701582
1.1660008820556647
1.1660373485600068
1.1660597830832287
1.1660983669074794
1.166117350895309
1.166144618053747
1.1661948345266564
1.1662196682970332
1.1662303342549223
1.1662690022794098
1.1662690250270504
1.1662963462346758
1.1663206315297852
1.1664830467498566
1.166514358130577
1.1665751125463601
1.1665848906852028
1.1666440100475834
1.1666564123062861
1.166867991468097
1.166896739257795
1.1669530736907119
1.1669696765554711
1.1669823896994396
1.1669851577298238
1.1669888566178546
1.1670342433498155
1.1670811703961745
1.1671072650889114
1.1671251392502513
1.1671752041147938
1.1672946540481188
1.167303974253474
1.1673232484268508
1.1673555751979556
1.1674169263553036
1.1674535523003489
1.1674643135412088
1.167547323268457
1.1676103653947933
1.167658200106315
1.16769622799503
1.167833887672097
1.1678933920747805
1.1678978419353823
1.168013810205801
1.1680335215950564
1.168090329120624
1.1681163953854965
1.1681235233469165
1.1681408787630256
1.1682097072529383
1.168232735310691
1.1682410710264866
1.1682448400315215
1.1682585564003254
1.16830220021009
1.1683113013741016
1.168312340482961
1.1683168513530429
1.1683329781036775
1.1683464254179334
1.1683624131960144
1.1684095361813631
1.1684515602364742
1.1684841249605278
1.1685043429664164
1.1685084337310765
1.1685721182929818
1.1686164436973594
1.168681253040823
1.1687181126621142
1.168752561808914
1.1687882900047128
1.1687889978862311
1.1688454593445319
1.1688899496612424
1.1688937548091594
1.1689416934855263
1.169005262960302
1.169065563606512
1.169185766578033
1.1693437758134715
1.1693461985351847
1.169373738750331
1.169384806439507
1.1694152287802304
1.1694621161269472
1.1694731575567556
1.1694930381761937
1.169522893253636
1.1695615464051274
1.1696792317799967
1.1696818053687348
1.1697069668057767
1.1697236553924086
1.1697684255752014
1.169854671221213
1.1698610270060625
1.1698976534397878
1.169904080823886
1.1699618906542413
1.1700004999552318
1.170006915453944
1.1700354511564406
1.1701082899734443
1.1701770801200968
1.1702191034991403
1.1702886879100007
1.1702938368403153
1.1704561095069947
1.1705032649375267
1.1705730527762273
1.1706168257055602
1.1706806998148402
1.1706825140957131
1.1707378180411214
1.170756410555544
1.1707986844122273
1.1708175573661275
1.1708780648689139
1.170896643763971
1.1709282354786312
1.1709961220229483
1.1710139649298805
1.1710210239702328
1.1710531545446186
1.17107152111247
1.1711324233848766
1.1711629259953664
1.1711737718019308
1.1711808835129773
1.171281487694387
1.1713418235235018
1.1713599261828709
1.171456092017253
1.17154599618222
1.1717040505539804
1.1717319511112405
1.1718307265395778
1.171937973117395
1.1719460215708788
1.171995898471843
1.1719982801643831
1.1719999960592498
1.1720978176881995
1.172102394095262
1.1722047682550576
1.1722192366079331
1.172245876218894
1.1722911102868623
1.1722958773822998
1.172311301879731
1.1723390179909579
1.1723820041051793
1.1724160964718586
1.1724683553813717
1.172561473715948
1.172569323484933
1.1725855004757804
1.1728969781209573
1.172918831444742
1.1729700920091055
1.1730979746282357
1.1731332826701886
1.1731846622695046
1.1732206860216516
1.173314814986941
1.173326117045814
1.173332414925747
1.1733760105776736
1.1734532783788392
1.17345656386867
1.1735044686864464
1.1735186046295993
1.1735748245438997
1.1735771189320465
1.173581680823128
1.173586848636434
1.1736002178246414
1.1736075899574514
1.1736761718977455
1.1737770637888396
1.1737984602400728
1.1738022910388322
1.1738520666953427
1.173877263696196
1.1738924842819245
1.1738991086472994
1.1739893110406094
1.1739924096801706
1.1740257240538328
1.1740448268647181
1.1741439216797769
1.1741513405442776
1.1743875275768838
1.1744247012263762
1.1744703208625118
1.174549378536088
1.1745823039990042
1.174612775868035
1.174644263764227
1.1748638850080366
1.1749184253302136
1.1749242839203196
1.1749825242595309
1.1750716047157161
1.1750753761508583
1.1751245166034137
1.175148375252979
1.1751521100595341
1.1751812319225465
1.1752109288627062
1.1752893798167527
1.1753724252380593
1.1754279512390504
1.175466153382322
1.1754882512216247
1.1755161175810196
1.175549084150858
1.1755826018459135
1.1755903010199455
1.175670225432933
1.175868195531947
1.1758755668001166
1.1759466877711273
1.1759652605118402
1.176017177642017
1.1760180742389943
1.1761712784042109
1.1762092154175847
1.1763015155003795
1.1763249194337237
1.1763565586739975
1.1764500848784398
1.176855622875852
1.1768763937418787
1.1768808377426756
1.1769289474106979
1.176948748951856
1.1770820065568808
1.177226949211066
1.1772372010872254
1.1772627931374549
1.1772919407233373
1.1773598920511936
1.1773943449183388
1.177405302087895
1.1774282580678823
1.177455772843561
1.177455828747905
1.1774758557635296
1.177482251342387
1.1774871274676262
1.1774947800465458
1.177508359669811
1.1775370531936211
1.177563747250875
1.1776230086792467
1.1777023532083166
1.177806611121403
1.1778249112117605
1.1778623146896268
1.177934618725091
1.1779505064766354
1.1779837041775085
1.1779897300976672
1.1780086822797546
1.1780512827930518
1.1781012649787093
1.1782423372361364
1.1782636780767601
1.1783793363434225
1.178387653606109
1.1784252182383566
1.1784655792470278
1.178624953704368
1.1786594067910259
1.1786714816085793
1.1788734973725303
1.1790135819844767
1.1790407710868298
1.1790605321665597
1.179060772788118
1.1790973177554778
1.1791319973783354
1.1791386586928296
1.179151667579265
1.1792550897555933
1.1792626277028888
1.179342059314308
1.1793939771431694
1.1794315362003156
1.1794736121454534
1.1796098991644275
1.1796400093671444
1.1796867495082268
1.179708325186605
1.179984607630925
1.1799921495355374
1.1800552649036806
1.1803252273551008
1.1803422010315732
1.1804426373320944
1.180492935151081
1.1805004204217302
1.180538286131135
1.180578253687189
1.180626188460627
1.1806552552313296
1.1807039147911602
1.1809028232442624
1.1809195245160313
1.180921318998637
1.180925896264324
1.1809554108893925
1.1809638000927452
1.1809859363038806
1.1811439944991111
1.181144350577485
1.181323619271479
1.1813411744337061
1.181479664278183
1.1815002611650265
1.1815010336464211
1.181569845547432
1.1816220216334745
1.1816646472517618
1.1817899465745403
1.1818600329258044
1.181872706574981
1.1819427273661778
1.181968593322369
1.1820704490401606
1.1821373552964936
1.1821445735460845
1.1822880562064624
1.1822889556059586
1.1823450261851605
1.18240266002437
1.1827828003532428
1.182793279940085
1.1828128737756793
1.1828245574883458
1.182852002675182
1.1829171244945738
1.1829884806521533
1.1830419002067443
1.183071567732371
1.1831561939181399
1.183174304207436
1.1832656215203416
1.183266373190357
1.1833531438522027
1.183385156495876
1.1834500887153991
1.1835665381051297
1.1836222040269562
1.1836379951040576
1.1836420298670156
1.1837047586183467
1.183730661404287
1.183820837186435
1.1838791566795908
1.1840316783374372
1.1841200889260863
1.184179935210694
1.1842157912620215
1.1844612018845873
1.1845308559100016
1.184558675445371
1.1845862865821477
1.1846185720141766
1.184722388441964
1.1847506440921864
1.1847901465845447
1.1848803109844315
1.184896253328124
1.1849020865635433
1.184909114385498
1.1849443543701854
1.1849559424304226
1.1850542433401277
1.1852708610952087
1.1852886788610029
1.1853923759751388
1.1854012761882082
1.1854241353687494
1.1854561822879595
1.18556891829737
1.1855706329651952
1.1858933087247703
1.1858958784123417
1.185911950488491
1.1860818456198878
1.1861079248429416
1.1861680531768244
1.186259560092498
1.1862677649231768
1.186334383796698
1.1864401772173137
1.1864417472435322
1.1864472958677226
1.1867515894858582
1.1867649114681271
1.186835956697775
1.186909807476916
1.1870788018822953
1.187180874722804
1.1873192145723865
1.1874101865115938
1.1874107936284815
1.187412731742977
1.187413635915611
1.1874521658603538
1.187466066320316
1.187656611397227
1.1879565094474183
1.188070458663223
1.1880866038898796
1.1881404563113773
1.1882964645219611
1.1885137925103544
1.1885695202136795
1.1885776288033831
1.188701062606683
1.1888320786362814
1.1888623995431384
1.189007272381188
1.189013473149797
1.1890530876202312
1.1891127280982077
1.1892768726690333
1.1894095465570773
1.189662357350815
1.1897034138912645
1.1897891437588395
1.189940979987522
1.1901141405002131
1.1901957378175987
1.190225489553535
1.190249138611164
1.190279168745165
1.1903393330892194
1.1904010556066063
1.19061889007434
1.1908364655740689
1.1909389221458122
1.1911489161425262
1.1911536076403892
1.1911641463455693
1.19119231181916
1.1913125909700988
1.1913490023039919
1.1913804443546063
1.1917618592112358
1.1917962694084503
1.1918993243507077
1.1920682065391492
1.1920784234492927
1.192229431528246
1.192602016716042
1.192698226767246
1.1927151926308077
1.192721017003441
1.1928032043140064
1.1930383773727624
1.193043252338655
1.1932231494987817
1.1935066060696777
1.1937963386082022
1.1939132257689253
1.1939685210515862
1.194041848296889
1.1940461826838897
1.194151577829029
1.1942231148014544
1.1942851020779977
1.1944429047801368
1.1946188814682432
1.1946561389434256
1.194748187727438
1.194936911400577
1.1951291802806407
1.1962710173839104
1.1962950047662777
1.1964414813144124
1.1964414813144124
1.196469619155773
1.1965661968632353
1.1965661968632353
1.1969937448768637
1.197128775166886
1.1973869644187742
1.1974197191858982
1.1976400990505105
1.1977778168372528
1.1980088607168589
1.1981332881459468
1.1989498020136629
1.199038778377949
1.1994821591708191
1.1999262248272646
1.2001032708623798
1.2001917328251896
1.20043213264387
1.2004838834636338
1.2005411646968296
1.2012685048966734
1.201311732120053
1.2013818012086934
1.2014202325938037
1.2015079020962156
1.201582899701831
1.2016297734818737
1.2016389480693466
1.2016972180633414
1.2017241057350587
1.2018614919591935
1.2021613589077658
1.2021942398221765
1.2025406697404468
1.202593600570459
1.2026207501757817
1.2030669175471629
1.2030669175471629
1.2031587838735955
1.203218723984316
1.203218723984316
1.2033611694226447
1.2036117296986575
1.203871943770766
1.203945269416948
1.2039893531900134
1.2040784242992122
1.2041955631678076
1.204223376567284
1.2048651401652524
1.2056920292689082
1.2056937824434846
1.2057163924309782
1.2058135996467079
1.2060559162040234
1.2060841428886355
1.2063680788160291
1.2063742369237969
1.2065437472170617
1.2067825782925974
1.2069443069492878
1.2070151082231129
1.2071002572584129
1.2073002613184973
1.207461839519837
1.2076427429303926
1.2077990122773967
1.2079321488761685
1.2080418749771473
1.2080612637740804
1.2081606410280326
1.208331243634031
1.2092672914842357
1.2097146762495332
1.2098417460544582
1.2101233676013772
1.210502541556736
1.2113502012921653
1.211825825080903
1.2119547012579743
1.2119564665563458
1.2119977642070436
1.2125935595186257
1.2127987931291773
1.2129913009678224
1.2133721741693302
1.2138731772529632
1.2143590047335997
1.2151004081570436
1.2158368028091888
1.215888982721339
1.2160044871676994
1.2163712923005003
1.2167336332899255
1.2169754711522436
1.2170933427699697
1.2171734808550234
1.2178729352587736
1.2179290211728422
1.2183993500037908
1.2184641090704913
1.2189272358269105
1.2191125949437445
1.219261914098888
1.2193241010853668
1.2194423691521017
1.2194859922440744
1.2195393958443799
1.2196028706522115
1.2196531955291685
1.2198134608798945
1.2200416612237996
1.2200540558731294
1.220365074478302
1.220480095348608
1.2205236912452653
1.2205468571210707
1.2205718395033278
1.2206041498210212
1.220753263843551
1.2209542460116738
1.220989397941607
1.2210129263543932
1.2210537742549286
1.2210932643254697
1.2212267617556871
1.2215513787069254
1.2215964033057802
1.221641982338677
1.2216477963250816
1.221784610059802
1.2218616886428773
1.221901901987856
1.222050291121626
1.2222380116010383
1.2223794360250209
1.2230564477945072
1.2230759879501134
1.2231016363218479
1.2231276718233113
1.2232457507320367
1.2233381874813947
1.2234622250489984
1.2236112810388846
1.223735731866573
1.2237937743174956
1.2238727933179556
1.2239429676319817
1.2239936828844264
1.2240315939995947
1.2240779325777185
1.2241125724339186
1.2242513329362763
1.2242765688064583
1.2244909483602955
1.2248184185064568
1.224957494787636
1.2249743445847456
1.2250434399916827
1.2252103386470836
1.2253329384553457
1.2254916901667714
1.2256051254120313
1.2258943027303342
1.2259370875552313
1.2261539138418451
1.2263558176902924
1.226412917408226
1.2264623332980835
1.2266174088362352
1.2268287108934004
1.2268349612853071
1.2269961517493972
1.2271092090730404
1.2272152313049338
1.227267851894487
1.227477327846792
1.2275807291864556
1.2275856448740667
1.2284246846004845
1.2290590979419307
1.2291526133511212
1.2291646015154525
1.2294848316474825
1.2297164201229618
1.2301447811342308
1.2302799141133332
1.2306357482731078
1.2329176253157796
1.2329287427409166
1.2329367276528984
1.2333223380041531
1.2334238074121568
1.2336180868397184
1.2338201452884119
1.2345362990043955
1.2345838962943823
1.23473320269721
1.2351344300697211
1.2353230206578847
1.235657028770597
1.2359485072984793
1.2362972638795537
1.2363144025539663
1.236327635682842
1.236547855037695
1.2367880825744526
1.236869494877988
1.2368998391723094
1.2369671128339257
1.2369828168912902
1.237046765239728
1.237265877715388
1.2375166225974714
1.2376405199897884
1.2377286061717476
1.2379583749366487
1.2379583749366487
1.2379739949805104
1.2380177796331104
1.2382918511329255
1.239302760099141
1.2436332438731503
1.243914601591324
1.2445708510890903
1.2445741221320519
1.2450775215096537
1.2452749173297133
1.2456606450762184
1.2457727344227236
1.2457798775622235
1.2458059020436751
1.2461470259278369
1.246610102945894
1.2466683035012724
1.2471580466621899
1.2471756983897098
1.2476620394184115
1.2931260275978034
1.30615524936295
1.3131016746737398
1.3186843409008433
1.3207306811180597
1.3251673287850028
1.3252857594552228
1.3261162424104482
1.3304254529021113
1.3331994503034332
1.3339980039323223
1.3343475152307884
1.3364483083098002
1.3373528654008622
1.3379493448611817
1.338405833834456
1.338774644433901
1.3397998255656154
1.3399996305017174
1.3406694870453721
1.3409428775476187
1.342306893453786
1.3429567974416388
1.3432171585616468
1.345383044898684
1.3457020173397205
1.3457896850847766
1.3473748843443225
1.3492515981775572
1.3494941541625585
1.3499504966039293
1.350403322256429
1.350468506168805
1.3509189308315983
1.3521560640280583
1.3540938443206694
1.3541734023031258
1.3559367771165458
1.3562191849503773
1.3581951330875452
1.3608868942137724
1.3655862865193773
1.37175648666669
1.3718520135452552
1.373296430161529
1.3817480188981874
1.38533896261592
1.3856250207994485
1.3950237972353052
1.3954155762632265
1.3955707109916218
1.3959223267695333
1.396608417694697
1.397166537394245
1.3984009114309643
1.3991425179116606
1.3994403380538283
1.3997700114140257
1.399868887712617
1.400581260104208
1.4010348273113378
1.4010514598469441
1.4012601118081367
1.402333658200891
1.403785114904965
1.403856046865888
1.4038829616034696
1.4039162230777456
1.4040775084096653
1.4041700626681728
1.4044116705626388
1.404673732594202
1.405342778678588
1.4054528168794016
1.4066465100893124
1.4077052651406528
1.4077955524493109
1.4078575355776903
1.407978697404767
1.4085111660429899
1.4094596755832653
1.4095172118760309
1.4097216131078512
1.4106733380228018
1.4118274477756771
1.4132878476229205
1.4139838290993278
1.4149756876449493
1.4155280564223909
1.4168695219180476
1.4170027783435524
1.417242445581614
1.4182223282978663
1.419711353224238
1.419851105258597
1.4199044726264667
1.421195913051354
1.42227754954564
1.4227768693522067
1.4317910522951112
1.435397722551869
1.4355390799422667
1.4375733354283904
1.4413837234465376
1.4441742327846478
1.4442716034277912
1.4447882096771447
1.4449640102008054
1.447414365890152
1.453000191167907
1.4530249967188429
1.4534876574730808
1.4543931856678858
1.4617616005500187
1.4618444446685
1.463091978696375
1.4643400785010823
1.4730804951838015
1.4791740859506266
1.4794099472745543
1.4921941804880285
1.4972531883655802
1.5044218799746392
1.5127784326050322
1.6047610525009501
1.6110459065867668
1.6205697261321306
1.6207928417653645
1.626143861143851
1.62671893476953
1.650701263572722
1.6649918798405048
1.7021910416880879
1.8297262341551899
1.8297262341551899
1.831051196027165
1.831051196027165
1.8437259099969727
1.8437259099969727
1.8559004080551844
1.8559004080551844
1.8576584940378702
1.8576584940378702
2.1374245610677214
2.1374245610677214
2.159243127936637
2.159243127936637
2.1789964501534507
2.185220941784298
2.199721917340699
2.214916756839585
2.21520484672082
2.2270971824848136
2.2272342392334536
2.229295191487304
2.233795615749941
2.2359913504974194
2.2365562712407168
2.2365879062350285
2.241345220250396
2.2502867358654286
2.2545907996434322
2.25469219652785
2.256783522564456
2.2570059641237523
2.257989409774262
2.2589253714948843
2.2602379840666944
2.260848375144259
2.2617800039345886
2.2627963006085055
2.2655305110029027
2.2658413854717496
2.266082663644311
2.267714011041721
2.2690017602956427
2.269027002420997
2.269988415810768
2.270458501496077
2.2715584032706464
2.272440308666742
2.2728521334761504
2.2733807527275456
2.2735657913137994
2.2746221535257547
2.274671396868677
2.2756142629731113
2.277395811624595
2.278061684964462
2.278355078470753
2.2786027177694144
2.279497660315675
2.2805341359915356
2.281193266260995
2.2813755574254944
2.2816817449200375
2.28226020291415
2.283106410917357
2.283502114455623
2.2839046733923163
2.284099606454659
2.284833132505977
2.286681394055324
2.286807009203857
2.2871940951221683
2.287481201896557
2.288425211350425
2.2889952569028447
2.2893413037589023
2.28975042158009
2.2907854009877755
2.291713940213746
2.2928286420029296
2.293889394591199
2.2940888146589624
2.2950978528368524
2.2960170141134486
2.29624179703686
2.296315543720856
2.298224166407495
2.2984074005168207
2.299354768558564
2.2999006441640266
2.300445177113993
2.300938198387113
2.3011708582305688
2.3020228801313873
2.303650085853538
2.3040974646948236
2.304235956725474
2.3047540674564138
2.3050529219742626
2.3069163295417967
2.308071795150353
2.3092059113666505
2.309298864544844
2.310249999044725
2.3105580064605333
2.3106713927039624
2.310794839465999
2.3122854837519635
2.316138538713351
2.316643720486585
2.316986369933868
2.317124214007218
2.3179504976858896
2.3180843842351244
2.318927269562927
2.319043637022414
2.3204802018151542
2.3208206352671334
2.321284982204723
2.3219356141820615
2.3224206618618255
2.3225961203780674
2.323020236395879
2.324003484506525
2.325236734166362
2.3252698922916464
2.3256073042169843
2.3261483882279106
2.3291587626939303
2.3292059214835397
2.3303683538022923
2.3310431828882288
2.3321206406530313
2.332582881087775
2.3346392366746356
2.334793655363672
2.3362459621006657
2.3365827438215363
2.3381003870616897
2.3383631318140146
2.3385225309308932
2.3398998006542815
2.340554612815729
2.3410773716168984
2.3417093624770113
2.3422892865196463
2.342499363769515
2.3429152086054645
2.342967050116093
2.3433598870887087
2.3452133250087903
2.346616681943122
2.3478231939078578
2.348098092968993
2.349588764533134
2.350687639781321
2.350907794402554
2.351327908874472
2.351451862625502
2.3523251648534886
2.3528164283131128
2.354266559985327
2.35457981080579
2.355256109518999
2.3577492470450796
2.3590727091883146
2.361550651981563
2.3616643533424013
2.366210676383295
2.3669995796685535
2.3694475036868585
2.369989285318231
2.3713567084195954
2.37234407856311
2.3730270298060896
2.3734431732290453
2.3744314167070835
2.3745008551665965
2.3745904223128655
2.376626797414648
2.3772921659884987
2.3786172778637855
2.3786993084872097
2.380460546039211
2.3807642031643175
2.3810650872341665
2.382196851432838
2.383430183435303
2.384839913813486
2.386577408979699
2.386918275299774
2.3869905879965274
2.387584152973788
2.3884010247084273
2.3885733018683837
2.389417320533137
2.3906918003863815
2.3928947654942716
2.3940216762689377
2.3955709743502824
2.397687157402897
2.398116837337108
2.4005868344910333
2.4008667312633807
2.401271255198777
2.4013028877816875
2.401491292089173
2.4044114299682096
2.4050791089495718
2.40528231508318
2.4054690181425866
2.4058490385756155
2.40668634705636
2.406969817778607
2.407786414704383
2.408262203192366
2.4083856331614313
2.4085281875420814
2.411003364408145
2.4111788467910054
2.411212408556544
2.4117420610766884
2.4119158370721347
2.414263764558231
2.4144515517843397
2.415232576982481
2.4153081153320253
2.4157584510039998
2.4157905456416997
2.4162537573617184
2.41699959432531
2.417535459340106
2.418625384448986
2.4187234749311135
2.418899821736089
2.419119080442301
2.4199229833700744
2.420047202631363
2.4214409781660753
2.422120384675605
2.4226389444097625
2.4227598413534115
2.422800280371154
2.4228787010463404
2.4231295031398363
2.423197343128977
2.423279350291381
2.423808059970206
2.4246889288156344
2.42477913160565
2.4251396852850307
2.425729256890793
2.426133645152948
2.426807169181904
2.4272565352766637
2.427303262161034
2.4273097335796683
2.4274977202709547
2.428335341614744
2.4283607654626587
2.4286575743266328
2.4296592984324024
2.4297591289050087
2.4299560072003805
2.4301130205845736
2.43029533510456
2.4305555477916205
2.4306158426679008
2.4310305660227636
2.432010894164349
2.4320237100431408
2.432614660600488
2.4328146251049865
2.433240447114467
2.4334609249637174
2.4337980948943456
2.4338695261589693
2.434406405460805
2.434572764511301
2.434793312129199
2.435050751266021
2.4352688924924477
2.435454229906765
2.4357158264524505
2.4357522332365846
2.4359521616368762
2.436001850595375
2.436409198413907
2.436457243927536
2.4364959020797805
2.436550434934507
2.4365691719976454
2.436605569221781
2.436772427862698
2.437373494366849
2.43801805858996
2.4380370893995598
2.438317336753497
2.4383579894316028
2.438397495433599
2.438504459491123
2.4386377342485543
2.439033816044552
2.439594831928175
2.440002314085496
2.440013973880493
2.440330898984374
2.4405628397409935
2.440731948721339
2.4409091012679305
2.4415387075507557
2.4415664148071277
2.44164138055245
2.4416426131849143
2.441745779625213
2.4417864647882035
2.441810645066851
2.441926542105919
2.4420723834688753
2.442129337504253
2.4423130280992815
2.4423999793892297
2.4424385367007626
2.442611956947734
2.443559462821294
2.4438378559262888
2.443841401609323
2.443983406456995
2.4443169131091764
2.4443556808818143
2.444582521208538
2.4450066787390345
2.4454569814862603
2.4460798450793093
2.446100546592385
2.446144020196402
2.446522016919065
2.4467124886711367
2.44691600933543
2.4473197205298374
2.4473408239740273
2.447437012953949
2.447518078407836
2.4475904845538383
2.4476048283024205
2.4479061616008186
2.448090799888338
2.44841433862738
2.4487940487672035
2.4492463248841383
2.449302417448482
2.449461875141916
2.4497799042793558
2.449867801383673
2.4502471413627314
2.4503478103469725
2.4503793314218894
2.4503894014103746
2.4507754902788026
2.4509376467958406
2.4511315250760286
2.451268021804065
2.451785403919892
2.451943382209404
2.4525620404720416
2.452693569458639
2.4527154992389626
2.453150180828229
2.453248745883701
2.453547641118114
2.453664480063317
2.453706686533363
2.453895828984333
2.454634329735268
2.4550269535275837
2.4550283414483633
2.4552364048515694
2.455280789851858
2.455311601185274
2.455379981444687
2.4555252040786444
2.4556927609387893
2.456392663114032
2.4565434946620397
2.4568839529537354
2.4569527124109753
2.457006463950078
2.4570386381046996
2.457222009457869
2.457523587308303
2.457794636539729
2.458091931612232
2.4582311109613935
2.458264518004602
2.4583566038688116
2.458402737986829
2.45842628308061
2.4584965769271716
2.4585574064215687
2.458876202979191
2.45899987991862
2.4590360956797617
2.4594179127082123
2.4597017232560336
2.4605365832900077
2.4606429014369033
2.4609247698607253
2.4611768159585132
2.461298736938291
2.4615450261711342
2.4619213448093764
2.4622351530925948
2.4623297571159646
2.462418075921551
2.4626920248581383
2.462781809862103
2.462840019507754
2.463498387722193
2.463906241662318
2.4640286351712937
2.4640400586554634
2.4643258933922296
2.4643871733706604
2.4644887120874572
2.464741296794561
2.464779362296731
2.464957682193811
2.4650146899192413
2.4651131522561838
2.465128848303279
2.465602152343517
2.4662583075660045
2.466302497509485
2.46649652999136
2.4668561457200693
2.4677524532931234
2.4682156579481496
2.468360317462169
2.468398513171675
2.468621607731905
2.46880877897839
2.4689397444184555
2.468957651374335
2.4695325947632294
2.4697904809524185
2.469946639170687
2.470502796123898
2.4705222703611986
2.471057323179454
2.471625681628854
2.4722728924218953
2.4724661772772687
2.472498818098009
2.4729090278960575
2.4733464798758016
2.4746988266112946
2.4747476684549383
2.475281293681905
2.475432644962398
2.4756168253977107
2.4770263653093387
2.4772614367030865
2.477371308812129
2.4776646376560856
2.4780737113903735
2.478206933209089
2.4783364402850516
2.4802560456051785
2.481006951587024
2.4815082415008374
2.48159251317649
2.482264104541678
2.4823746677263223
2.4839782439946463
2.48430805403928
2.4846825105119983
2.48469285931202
2.4847723764549143
2.485125247181359
2.48571377553953
2.486316100129255
2.4864597126746855
2.4868434621172337
2.4878007597729486
2.488468830629376
2.4886973119420914
2.48975186182051
2.4911179598260182
2.4914039733662676
2.492093139545681
2.4930591484402114
2.4931274117993754
2.4937168291174054
2.494059539812411
2.494286781024254
2.4948891154478465
2.496554048914116
2.498105570942409
2.4987311149077938
2.4998919754995663
2.499929866465446
2.500609642392069
2.5030310617853995
2.5036670074711327
2.5053467386568045
2.505693298496965
2.5071564547830953
2.5116845125017826
2.5169840020842202
2.5220340140193964
2.526995420389762
2.5300335625091197
2.539192977983217
2.5407723697350084
2.5450065202663703
2.5468984261464818
2.5470674137903027
2.5670390670653846
2.575741906223169
2.575841841467871
2.5793193445686486
2.5801751048279784
2.5803877894305183
2.5967434431230965
2.5968042411242003
2.5969401951813342
2.600861502086977
2.6009408474050884
2.6011822472864328
2.6020744597324663
2.6032342654963028
2.603968708605109
2.6042972031664657
2.605000219723298
2.605230470767394
2.605761618835362
2.6085354358068913
2.609863285009085
2.611034557881021
2.6172499117627996
2.618190043562023
2.622728413924494
2.623466835992804
2.626696511306482
2.627297142973112
2.629934550497432
2.6319008134130377
2.634861672586561
2.6349369325843393
2.637560402799452
2.637704169224472
2.6382500356949707
2.6406910733696747
2.6408207418200447
2.6419373612613954
2.6438849791733072
2.644258128254332
2.6457283844865236
2.646191734499908
2.6468000200359496
2.6481497523197133
2.649771948837107
2.6498461195222305
2.6499823544727623
2.6501475632390976
2.6515549990729887
2.653635439351241
2.653918244932701
2.656078632829714
2.656253002517656
2.6567046153372766
2.6572415626543595
2.669943637238278
2.674850920772088
2.6814511521582496
2.683694722950742
2.688594584440743
2.6904660823141553
2.692859481763254
2.696080540525844
2.7007016723337203
2.7035422902349153
2.704118872412009
2.704801237089242
2.7060514486619986
2.7077641805226587
2.7085253161776834
2.7096518208312816
2.711724326135933
2.7118193898242104
2.7121131651261963
2.7125030683365554
2.7129877037941768
2.715665867918855
2.7158505243528395
2.715899267996867
2.7159223262540584
2.7161284054122
2.716209186841762
2.717164741888349
2.7181236532248723
2.719579983251839
2.7201966427863473
2.7208433886517303
2.7220670473037054
2.7224355532441775
2.7229972748470277
2.7232365097910396
2.723653449264522
2.7239245848639495
2.7247029405550687
2.7248755069973254
2.7248848475098604
2.7257170203029775
2.728139575052633
2.7290081594597386
2.72923772866314
2.7292720481752872
2.7306975696978237
2.7312825834222973
2.7331023336532705
2.7339511770111056
2.7342232845398864
2.7342507127452227
2.73483996007603
2.7348684740735556
2.735239711175858
2.7358933129664935
2.73627680206347
2.737679043247268
2.7381164635173887
2.7389290733695515
2.739767494015645
2.7401949391525724
2.740242255160367
2.7403572001391545
2.7405228337067324
2.7407907112253573
2.740800410716907
2.7411747515407177
2.7418250308117087
2.7428439222461605
2.742984077265851
2.7431070843493917
2.744858294723998
2.7448624605284655
2.7457006450436108
2.7457910982068676
2.7469501118824793
2.748306357104185
2.748572010284642
2.7506459333412563
2.753777990375734
2.759478674633701
2.7620809688313024
2.765429598105359
2.7717877883482775
2.7721627560527105
2.7840545680987128
2.7932178921732316
2.795700186517655
2.7970253213131047
2.803057104690837
2.8036157595031996
2.8053936565453137
2.809804491945549
2.810847941033905
2.8118736819561656
2.8123981123849844
2.8124736285695087
2.813243109786222
2.813798816382788
2.813931865084718
2.815673182561295
2.8167101392408775
2.817303476770194
2.8173642305224083
2.8177470623037806
2.818268646628741
2.818402621778712
2.8225704549222788
2.823208814509841
2.82554439337049
2.8282922334674647
2.8321904075585738
2.8330839469585647
2.836887665532319
2.838484195924676
2.8394540055563877
2.839877516892549
2.8399905119907487
2.8400572263726938
2.8436252366156047
2.8452371883290826
2.8477396511146953
2.8480645055126534
2.84830159130978
2.849907533692469
2.851470182332656
2.8515421799982774
2.853342000143462
2.8554533779409894
2.8564084295095027
2.856947365611589
2.858791304524344
2.858930753541901
2.8605109226228334
2.8626415850315485
2.863235823080762
2.8640716726493585
2.866233587577465
2.8664764458159073
2.8688704511251744
2.870837568657611
2.870949043265583
2.871937615273909
2.8720857407422065
2.8737426369249133
2.878403915450924
2.8817223243213674
2.8853685205374284
2.8863513205731013
2.8954342475913153
2.8957316144338066
2.898695768596374
2.906243731585054
2.915800667323225
2.916555055976499
2.920436421336061
2.92542932564776
2.9276234703414556
2.931925363053907
2.9339835272149055
2.943530496322195
2.9439543898768217
2.9500736206209837
2.9502947625453015
2.9565320353398543
2.963635319161166
2.970465743119724
2.9732018802587916
2.9751344476843893
2.982940213034626
2.9885810108334083
2.994820500128439
3.0040325090536313
3.007905710837754
3.0156794608174042
3.024563864953837
3.0458220673279746
3.052824010217802
3.054682720157947
3.061147883806971
3.065920030046947
3.0675268708090324
3.071986787468698
3.0742192867286735
3.081458124019839
3.0818945508211923
3.0830669484879794
3.084115001801674
3.0849949906300145
3.0880866570575005
3.088288097451417
3.088330399001575
3.0912894449007453
3.0971980549299976
3.0997980501899267
3.1059786010187973
3.112240371172622
3.118969452996417
3.123294775202196
3.1239775227527247
3.127947698596191
3.129982121298429
3.159926122417018
3.1753333396239465
3.1765848855692544
3.182790442008821
3.1880571509788957
3.189840649428477
3.1972348282212177
3.2027836648394072
3.2042286717731177
3.2198957351021824
3.2231295945825034
3.237443786533675
3.240593882741214
