0.3546966685173982
0.3823538888839521
0.4494773066317144
0.5687385109411642
0.5847169934880116
0.5907627428910811
0.5974992598146948
0.5988306317227902
0.6125159918497648
0.6230146720690193
0.6274458890422325
0.6285159277274008
0.6304541014716726
0.6484789124943235
0.6502262466979468
0.6877256629652877
0.7086520174434288
0.7155249994046878
0.724061025913943
0.7577292357279902
0.8211010879471058
0.8577394935340876
0.8617823084032081
0.8850958172825424
0.9029347865867962
0.9394759380848717
1.0043360531562135
5.9145935382325785
5.920999897277938
5.924989587824665
5.940945257361465
7.313563249412196
7.314098352907386
7.318223158110372
7.33418387077888
7.338414166824564
7.341583592264506
7.343181867123029
7.348331673632173
7.349775867537827
7.351303914418169
7.352696977043523
7.3527254623828195
7.355627327797551
7.357441220404625
7.358068761370021
7.360198494071826
7.362976666021558
7.3652001406154755
7.365404773822224
7.366091186787216
7.366210565251749
7.370363062108567
7.371135425280549
7.372096489641689
7.377487855564015
7.378663772671805
7.391146781601462
7.3912486762063905
7.395942058831067
7.397458041041541
7.401389473932687
7.402484798250539
7.405595866195542
7.4056719167564875
7.405705349802515
7.407798262964289
7.418401743634565
7.418809942590857
7.4231197401733
7.423869514512605
7.441593494683979
7.464286231103716
9.528495741078945
9.528851555193752
9.529557814071058
9.53139329022252
9.539540789516817
