0.7733597883531351
0.8061441772771429
0.8357271309447113
0.8568597823971881
0.8618861564878674
0.86520892883373
0.86742862367448
0.8707357858272137
0.8802488646430647
0.884807129077661
0.8871028733235593
0.8925745496284586
0.9062039527431487
0.9367938668557464
0.9489681580293801
0.9818065000333319
0.9831855830502509
1.1315577584351657
1.1410472957299524
1.1419789233134388
1.1516415779383185
1.1544291492634884
1.1562340055562155
1.157911906135078
1.1593730144895233
1.1608594754693988
1.1620953804116774
1.1654743510938668
1.1658758196280292
1.1666978337450382
1.168810178385477
1.1699185081100714
1.1738039008338355
1.1740977834634025
1.1756301501738298
1.175808712518021
1.1764506399611978
1.1765712835478068
1.1779188065770223
1.178419243046143
1.1787750206128322
1.1791121679786685
1.1796197789466585
1.1800531469220685
1.1812855357348935
1.1827039374004389
1.1834007589658888
1.1861515382345578
1.1887403229296865
1.1897137813779308
1.1904409005237988
1.1905414190608221
1.1905896912435547
1.1910504585275619
1.1943279664637076
1.1948038101208114
1.1957216640996136
1.1973762637458851
1.1973863064886832
1.1974126810803225
1.1986924554127087
1.203680604102473
1.2038571953776056
1.2057068706632654
1.2091858136589493
1.20920409639326
1.2097511250159996
1.2101948121584478
1.210593499320874
1.2108793776523483
1.216605771062371
1.2214119965918782
1.2293074452443253
1.2325682868369021
1.234789512871054
1.2355519184568993
1.2444484729151106
1.2543078758969062
1.2731392868660174
1.2780389273060877
1.2916298952157206
1.298439903257085
1.3013804255520187
1.3035351812663267
1.313735769486428
1.3166274245628553
1.3207333055621608
1.3213603875033193
1.3242173241088164
1.3251372510184565
1.325682746069435
1.3308683378002173
1.3320218199987022
1.3332678229373074
1.3337514366911218
1.3372392076342476
1.3399121166528933
1.340571804435099
1.3428705293282297
1.3474454552915056
1.3492503075178335
1.3516004657413767
1.3524900341764041
1.3529549422499396
1.35388570890995
1.354793194282351
1.357220474075791
1.3602710361859336
1.3669500740577414
1.3677437212408492
1.3701009525720758
1.3709426844663264
1.373789268502588
1.3743784050940637
1.3743978961130723
1.375033812286984
1.3762556488695055
1.376535405135666
1.3771098827308617
1.3778571353325104
1.3780913405668902
1.3797741305266555
1.380855916078533
1.3836209337485565
1.3877074974372394
1.387712802260122
1.3889293006341241
1.391509313707964
1.3923449389757105
1.3963692148337943
1.398252017252584
1.4021135573617485
1.4035261619957324
1.4043652362566563
1.4053144115375373
1.405318529014426
1.4063210975594722
1.4072306831730526
1.407680322194006
1.408441599041315
1.409690043331318
1.4097716616892473
1.4112681914576612
1.4114774159715504
1.4123122255584226
1.4130563132059415
1.4133203896063806
1.4141639870088032
1.414321118973221
1.414492153772181
1.414772363490214
1.4149657251154844
1.4165682963550075
1.4168016176762337
1.4168794061681853
1.4179736157783347
1.4185524946477683
1.4185623391214426
1.419647540591019
1.4197090114669966
1.4200751999136998
1.4204857916097318
1.4207681362363656
1.4209277753657301
1.4209784894089215
1.4211291664461039
1.421166142666733
1.4213111098244913
1.421552999358599
1.4223744682787334
1.4229241216768265
1.4232182188454592
1.4238874450353323
1.4240422916349662
1.4242113883983818
1.424346932929328
1.4244100914971356
1.4244774648625342
1.4246689931554026
1.4247062710830114
1.4249688843820594
1.4251212630852328
1.4259793086692718
1.4265838469135204
1.4272979925370834
1.4278439333236648
1.4288156548531064
1.4289227338870285
1.4290616319366116
1.4299144908242694
1.4301145083952902
1.4305374540389293
1.431087758798041
1.4312374559357603
1.431295521517512
1.4315167052484703
1.431980721319863
1.4325787192176485
1.4327105084488878
1.4330628042861053
1.433438386610882
1.4340362016067114
1.4344106145838011
1.435085228848694
1.436092529271395
1.4362619153000296
1.43631556786689
1.4373354748741292
1.437426777787253
1.4376112368728566
1.4378503848308684
1.4398245150512756
1.4399948126676942
1.4400464571696796
1.4401743248652994
1.4405624487289694
1.4408408811334046
1.4408800326558024
1.4413317301048456
1.4418062719308598
1.4419959796947064
1.4433538032909683
1.4434798694873807
1.4438727603921666
1.4439408044759805
1.4445324124518821
1.4451564051226804
1.4455814876817856
1.4457695380313271
1.4464487955973617
1.446483560409192
1.4466804187208673
1.4477808180131486
1.4489112953032246
1.4489140745904794
1.4496752135295077
1.4505648282330068
1.4520889915731527
1.452918024808869
1.4542319558646843
1.4542416368256361
1.454509646723718
1.454618519235335
1.454937863624299
1.455046833379639
1.4559186779283788
1.4568630288874531
1.457463435681885
1.4575644195006796
1.4579809587087598
1.4584040007763357
1.4588346765472695
1.4591408131164065
1.4613218946183035
1.4631687608467336
1.464622140304012
1.4650265820878232
1.466127870778135
1.4666653602361814
1.4680855438288705
1.4681567579822319
1.469184996148406
1.469705722034015
1.469849006333202
1.47109996637788
1.4711399040847448
1.4722668929750335
1.4730033437190453
1.4730142898334182
1.4739660016906229
1.474572197661786
1.4774157096158993
1.4778816565545303
1.4781604878161716
1.4801357103197144
1.4838572972954285
1.4850610213563193
1.4873003970280545
1.4901601103879647
1.491148122130665
1.491423887610861
1.4919601390226027
1.4926153936989077
1.4930955107739505
1.4932201481207368
1.493255119432046
1.4939697211849763
1.4956057346578653
1.4964287777477103
1.4966163039192153
1.4987965708098325
1.4989888545301078
1.4991603143681302
1.4996054971698793
1.4996442346716061
1.4997434608170666
1.4997584389322904
1.5000250131714632
1.5003252876460924
1.5004038614345594
1.5005778858604728
1.5008956200769472
1.50100411323771
1.5011471252344906
1.5012234982198054
1.5016999942883802
1.5018063705891422
1.5024296459350128
1.502658947716132
1.502763317306678
1.503099551435668
1.5032054980329106
1.5033234586427384
1.5037029747391775
1.5037862384259166
1.5041991023827301
1.5045578599114835
1.5046735959317254
1.5051393324252258
1.5051620896323064
1.5057726774586853
1.5059134795939242
1.506145778886551
1.5061719993972462
1.5065243435292257
1.5066901169343245
1.5067557887119847
1.5074553316652362
1.508001771218561
1.5080762153336587
1.5081808464756121
1.50828976910509
1.5083591241271874
1.5092610497877166
1.5093410104043115
1.5093573668313809
1.5095869551584207
1.5095992502352704
1.5097293830140592
1.5097652724541637
1.5098176415010973
1.5098507077708518
1.5099452974614773
1.5102395982056802
1.510278432156529
1.5108022417222364
1.510841171546576
1.510867566906223
1.5109819262864588
1.511013890912157
1.5112095799235816
1.5113453810182187
1.511391999806073
1.5114382195715756
1.5115708731042303
1.5118383349229616
1.5118734282009079
1.5121675583807224
1.5121751198684412
1.5126231092430265
1.5129173746408269
1.5130591650933374
1.5131064683609483
1.513200494721816
1.513405261525813
1.5137773803907868
1.5147334209327235
1.5147650496573053
1.51479804467633
1.5148253117133397
1.5149331998145672
1.5150335334420486
1.5151622496168076
1.5154194547684665
1.5154805291040918
1.5154853850933643
1.5158506549744442
1.5158570255086488
1.5160204708898344
1.5167359244133911
1.5168031147717327
1.5169365321276471
1.517000984780438
1.5171572669436126
1.5173017402341091
1.5173295516765284
1.517340190029471
1.5173620463130588
1.5175015725591225
1.517594976341368
1.5176974566988468
1.5178239921030259
1.5178304181523914
1.5178527529125956
1.5180311745225796
1.5181339902548499
1.5182422294509543
1.5184330953522784
1.5185440085764257
1.5185464418705161
1.518890453745535
1.5190024440175456
1.5190948286526509
1.5191942466690547
1.5196424447356183
1.519735423494097
1.5198042585694507
1.5200791261724889
1.5200962558333504
1.520129331098364
1.5202381182890428
1.5203369642295066
1.5203551234434514
1.5205212318648298
1.520590697411521
1.520696213925756
1.520820271466717
1.5211087594696378
1.5215587638306687
1.521600906058342
1.5217853839679985
1.5219019043940571
1.5224706170797455
1.5226219986802656
1.5228556576833086
1.5229633557272872
1.5230138654292589
1.5231396148184653
1.5235006429806064
1.5236357953879915
1.523729880261805
1.5238157473421703
1.5239504626717688
1.5239905524275408
1.5249724563525657
1.5252261935268165
1.5253238328792391
1.5254370699200819
1.5255926927402863
1.5256731132212187
1.525808899385314
1.5258745749286133
1.5260956874688598
1.5265157953208406
1.5268150531276428
1.5268850385669819
1.526942177373061
1.5272470828312181
1.5272564562345348
1.5273214889941178
1.5274295435153915
1.5279903767925926
1.528081748280938
1.5281874332013905
1.5283073222805574
1.5283169741668163
1.528368688789732
1.5284934335971527
1.528588245154007
1.5286597372152952
1.5289959191119904
1.5294104177766268
1.529511533974414
1.5295431639276864
1.5296748942807425
1.5297323643092884
1.5297535204385517
1.5298429569573568
1.530291973797708
1.530715538424559
1.531495792982391
1.5315745579496132
1.5317859714946722
1.531801294886715
1.531942535703454
1.5321023478533602
1.5323264961946865
1.5324034401030686
1.5331596830282586
1.533434718869095
1.533483424465471
1.5336915208775102
1.5337376349680951
1.533956029131684
1.5344482741575607
1.5345997347185227
1.5347274787968792
1.5348529109521893
1.5349190284804415
1.5350207927912014
1.5352313133356712
1.5352891428835664
1.5355857972306093
1.5356050972783892
1.5366877844061657
1.5368030393384933
1.5371305415204648
1.5372486878769653
1.5377609492715283
1.538256747784304
1.5395619403827518
1.5396349800316067
1.5398159824047264
1.5402659687988902
1.540297187202778
1.540648413296836
1.5409692680641789
1.5421215817071263
1.542332066244052
1.5423467025550743
1.5426245800479021
1.5428004081360676
1.5431095472469678
1.5445863201043493
1.5447283425510252
1.5448121414366824
1.5448695443110603
1.545883484753331
1.5462822798898428
1.5471457664836796
1.5474863122441311
1.5481983272011681
1.5484601873524122
1.5489742711605075
1.5491315258887215
1.5497301048374283
1.5501418414848327
1.5503409063790563
1.5503502913223417
1.5503966700665708
1.5510827052062555
1.5511083202393778
1.5512028400870812
1.5512623807239427
1.5514744036185384
1.5515951885535975
1.5518566119848853
1.5519357836211685
1.552123863079297
1.552233974222458
1.5523115913764889
1.5524822616302951
1.552561905585594
1.552747232104905
1.552756690322062
1.5529416493991932
1.5533477904123694
1.553535543779508
1.553781377020327
1.5545107478177975
1.5545518220781505
1.5549499201453585
1.5557660524538683
1.555830722340622
1.555986450073659
1.5560479429807093
1.5561352293920725
1.556267427655178
1.5565337341037928
1.556672012861745
1.5568817541126572
1.5573155657731013
1.5574461121620427
1.557457826246477
1.5578972059842258
1.5579333462580014
1.5579656229441368
1.5584063133277366
1.5585142452712457
1.5587135896667836
1.5591709755265617
1.5597980899056125
1.5602162711227978
1.5603346567539633
1.5604137510239202
1.5606458729421309
1.561194273384009
1.5614595509882547
1.5617006072519701
1.561718622710457
1.5618253901752372
1.5624032468708136
1.562463228528632
1.5628259007709062
1.562833749789236
1.5630368732641333
1.5633828120380482
1.563562253880596
1.5636371906379245
1.5640035713701872
1.5640999072674402
1.5641963174211215
1.5645773987241383
1.5649681883943642
1.5649886547760008
1.5650237144873091
1.5652386229687867
1.565309110167514
1.5654929212891744
1.5656466162081004
1.5656654194246948
1.5657462081925893
1.5658829285846565
1.5661542660027052
1.5663293738164936
1.5664194977729142
1.5665039102005898
1.5667228941398361
1.5668816104987249
1.5674348057882568
1.5676827422459136
1.5678331456195678
1.5679864645255768
1.5682409126174444
1.5685403979364185
1.5689103343356177
1.5690503679497745
1.5692454178158266
1.569267058670496
1.5695605773441113
1.5697609545751923
1.5697614829850852
1.5699387699379432
1.5699753254248792
1.5701169233995986
1.5705174265266453
1.5706169759426993
1.570880858955969
1.5708948116183177
1.5709171587052984
1.571004806064455
1.5711883449596644
1.5712496092502908
1.571317922948506
1.5713378374889266
1.5713429335329736
1.5714415625723446
1.5714475729939756
1.571448437857601
1.571531886456445
1.5715342841395952
1.5720799819372957
1.5720866052342743
1.5722137943719432
1.572510556709234
1.5725719576406623
1.5726845968760002
1.5730541528956303
1.573055355914266
1.5731149873532964
1.5731614329058285
1.5733035560300352
1.5735194146254396
1.573554735872043
1.5735971413294796
1.5737995098958968
1.5741652620554023
1.5742083744749582
1.5747278690800115
1.5750066820036013
1.5751156540603957
1.5751356819817857
1.5751383460101083
1.575185595108041
1.575230072558804
1.5755639995823023
1.575570114135469
1.575641496847529
1.575740688494694
1.5758454281764513
1.5761357385409582
1.5762378126053476
1.5763153650287796
1.5769558437831983
1.5770252030145802
1.5772135182459168
1.5778235516407997
1.5780479540236214
1.5788032490350905
1.5792584352777295
1.5793691902149927
1.5795807617427284
1.5796939470584352
1.579761021289757
1.580041596394701
1.5800667860484685
1.5803134990198813
1.5804034925952999
1.5811436468349516
1.5813090859410672
1.5813977236214007
1.5816938766510389
1.5819549829023134
1.582140038347561
1.5829576914719314
1.5831118257231749
1.5832897081562476
1.5833056247540043
1.5834261211446707
1.5834853799038182
1.5836101874484694
1.583624113463734
1.5841874243992733
1.5847211270567665
1.5857061918671789
1.5857074039447938
1.5860007399607106
1.5861211986208468
1.5865607975843348
1.5868276066482376
1.5871900310300961
1.5875347443600998
1.587809750687256
1.587886177039138
1.588742732754811
1.5892025972893697
1.5892391234991396
1.5892545330692196
1.5893296182892813
1.589375018292258
1.5893816325851873
1.5898653624934043
1.589904721834694
1.5900099269764167
1.5900301169781728
1.5907860997620655
1.5912624215030224
1.5915209554034462
1.5918920403387378
1.592926857501011
1.5936385232646393
1.5940764025216925
1.5941958170678978
1.5944888619921165
1.5947369833876819
1.5948558123563887
1.5949140320631572
1.5950714506265802
1.5957544816192912
1.595816947598981
1.5961357372033262
1.596180070968472
1.596184381628527
1.5964862253035288
1.59694194420193
1.5972813809459054
1.5977567684697713
1.597958469090084
1.5982695044775193
1.5985211879742562
1.5998896236121145
1.6000927823448814
1.6001301890030988
1.6014083390554925
1.6046331907023599
1.60652234204753
1.6079363611966286
1.6087358586549707
1.6087365039873185
1.6097643169580726
1.610013337042424
1.6113831743848224
1.6115565489099666
1.6116777565833835
1.6119591481802438
1.612126252182373
1.6123526378815918
1.6135876873007835
1.6138511065516736
1.6190791831076838
1.6236724535951121
1.630690458918355
1.631822545979432
1.6348882915337226
1.6354216246440672
1.6392834271810224
1.6396638692387608
1.6436774079969565
1.6452945812470314
1.6516334877711139
1.6570472825756184
1.6786845979991567
1.6812696609956213
1.681955279353076
1.6850751889467088
1.6879495561330695
1.688031060646774
1.6918390622871249
1.6927100036706033
1.6950214616905523
1.6986768163006325
1.6993083751987845
1.7032583412960463
1.7079056882857537
1.7095182277642016
1.7125673162420745
1.7130397405917466
1.714304266571867
1.7147444439579067
1.7150825863126327
1.7171313488019213
1.717888910629674
1.7183261375504646
1.7189453398981498
1.720790227942106
1.7219395577008132
1.723581556155332
1.723931130856563
1.7242448576183216
1.7264947298902367
1.7268028105936337
1.727543214623694
1.728228982531416
1.7290348352818976
1.7312109964161657
1.7324730419740397
1.7342718888970619
1.7347632161902216
1.7357370315558818
1.7357713437478803
1.7365225815546779
1.736662579724691
1.7371458447384571
1.7371626422023052
1.7371922497824401
1.7375863024176192
1.740920820128182
1.7416359248338702
1.7443128939861485
1.7493539227149024
1.7499968746836057
1.7506783891052256
1.752138108423537
1.7530977775589656
1.7566320385990812
1.758735718524713
1.7602916036022385
1.7621348187890573
1.7636894287756897
1.7709707526838605
1.772793097176773
1.7752569394451971
1.7755920760181363
1.776444367445593
1.7801883227835322
1.7806210846353332
1.780974265569896
1.7842551195343372
1.7845326899666165
1.7859519015575875
1.7862331799504736
1.7875135802489608
1.7879568059968822
1.789612199652918
1.7916740985860464
1.7917997219981172
1.791980314285263
1.7921276101616999
1.79325471813758
1.793608920995087
1.794264167624693
1.7947660328643371
1.7948125927559133
1.7951770127659008
1.7956611334826968
1.7972970066230936
1.7974558951822435
1.7979623889972896
1.7980707862846346
1.7980880020929069
1.7987765302692542
1.7994220470205113
1.7994702255303998
1.7998123163382163
1.8003446560301442
1.8005100265403413
1.8008988226542915
1.8011316572706022
1.8017922781118207
1.8018349112980814
1.8018598854786698
1.8018707942806322
1.8019888822478578
1.802437692983318
1.8026382316281808
1.8035418033743686
1.8036918300298876
1.8036935237797838
1.8037602029359256
1.8037895602699159
1.8038732066063599
1.8041018320060265
1.8045101789643372
1.8048364121474398
1.8048370175212816
1.8052641030249508
1.8053536099666876
1.805904391495939
1.8067711177780876
1.806847863760386
1.80715697255301
1.8073829707649074
1.8078779434763173
1.8084865946479185
1.8088850099371407
1.8094502872739102
1.8098358910576908
1.8099084214008583
1.8099245794503234
1.8100382714983216
1.8102974377636896
1.8108013302128858
1.8108430046234367
1.811015042865657
1.8110983366535576
1.8119864320804147
1.8119983758662568
1.8123948581073743
1.8125329457278194
1.8128845626903598
1.8130227447032357
1.813672042370079
1.8139466269728917
1.8139950025857612
1.8151330263993615
1.8151406264983436
1.8152170037716189
1.8156056277654566
1.8157406072724105
1.8158474852214632
1.8161744903683072
1.8165198124830042
1.8168275623581407
1.8168685423247382
1.8172723874979628
1.8175217929349532
1.8175923547880342
1.8177859217846177
1.8179257254862033
1.8180697300972501
1.8182420019304575
1.8183002358049685
1.818562032054337
1.8186430594003502
1.818833818496656
1.8194943996966253
1.8195866071478004
1.819824378193584
1.819928352146488
1.8201921357024176
1.8206257965945092
1.821013821611493
1.8210546475396097
1.8210707793965735
1.8213923590761318
1.8214798266339396
1.8216057193598145
1.821625038839022
1.8218254571599857
1.8221456042757493
1.8225355432830765
1.8227102770469181
1.8227812378357473
1.8233427738668986
1.823604008007239
1.8236998781133695
1.8237054027174888
1.8242441113359673
1.8242873518914824
1.824341169548723
1.824398155085659
1.8250322854830505
1.8251489884643801
1.8251818346971536
1.8256569610273252
1.8258517786099564
1.8259011751285494
1.826302427775889
1.8267434056175993
1.826964844427403
1.826998777824183
1.827309563415457
1.8273620603751821
1.8273721931698985
1.8276743298892526
1.8281154340504007
1.828211351283296
1.829237781231725
1.8293074585142564
1.82932097277911
1.8293893353186483
1.8295892291400302
1.8296714390581257
1.8300463300582186
1.8301445004478603
1.8303903412992135
1.8307569190019408
1.830941492491887
1.8312356650915953
1.8312573286906855
1.8319312343550238
1.8321455855877922
1.8328851174574097
1.8330099391150687
1.8335983427017
1.83378844288602
1.8338354861451411
1.8342363020014378
1.834581114423072
1.8346110198962269
1.8348528864091211
1.8351246086609632
1.8353828420498266
1.8360689953453004
1.8360740363248425
1.8383284764274384
1.8383505416801151
1.8385548892759782
1.8390353317463188
1.8391139965133274
1.8392543555965457
1.8396419374160524
1.8397525485923505
1.8399401568141394
1.840158129258388
1.840708164788984
1.841135326174301
1.8412416059563395
1.8416519956406026
1.8417734006315218
1.8423225901287639
1.8424125613403963
1.8424900197254124
1.8426695663172146
1.8430200890116204
1.843059258861244
1.843091253506777
1.8432321105809402
1.8433560668188034
1.8434896133695047
1.84392692940392
1.844236532242866
1.8451314256456524
1.8461844734252986
1.8463939391218884
1.8464064219938034
1.8469990563411887
1.8471682433704433
1.8472883179004307
1.847402266624964
1.847578432436329
1.8476202410397669
1.8480672571704848
1.8480837025514372
1.848338352266342
1.8487857738624398
1.8488960454971366
1.8490873486268444
1.8491447011970668
1.8494268753980414
1.849712047055233
1.8501986748040748
1.8503858351514748
1.8505484760912378
1.850702634323115
1.851395876523239
1.8513974087653917
1.8515666069138672
1.851680498684165
1.8517108903332213
1.851750204253736
1.8517732215097995
1.8518107015788197
1.8518355328102893
1.8526728175568261
1.8531259614947784
1.8539664081553073
1.8540244221145452
1.8541458677461575
1.8547819885850503
1.854831738445372
1.8562879161861552
1.8565446900012628
1.8565764212146099
1.8568533008296877
1.8569457749681422
1.8574212861706538
1.8574709483344887
1.8583645945830927
1.8584924066655963
1.8585035022724814
1.8586549422007446
1.8587426699355973
1.858834910541942
1.858863184178065
1.8593788273994882
1.859487300375403
1.8597103806212272
1.8597200777089806
1.859988191432685
1.8600290946642857
1.860479283874982
1.8607266379707708
1.8608750231216682
1.8611805781704702
1.861181582358085
1.8613566475671766
1.8615294478872761
1.8616292396142866
1.8616842657736796
1.861745948764189
1.8620742129676324
1.8626874825871786
1.8626984093278849
1.8630248131508549
1.8630970531018347
1.863137949026302
1.8633951164029257
1.863498361619711
1.863607255126269
1.8643223216262317
1.8652278390424124
1.8655565896399169
1.8660758006444174
1.866784939890109
1.8668229609064941
1.8671134513169807
1.8672033693957633
1.8673520720619197
1.8674548205033759
1.867555416990623
1.8676709511624057
1.867841492319947
1.8679871134873567
1.8680021415512382
1.868689880139629
1.868912350942636
1.869251648123056
1.8693814260896726
1.8695563393719234
1.8697491926252823
1.8703319025441811
1.8704665476798057
1.8705462524006338
1.8710722893253398
1.8714622956312077
1.8719306168161551
1.8719876861240639
1.8721448425211293
1.8721638995324832
1.8726731530156657
1.8738949379175243
1.8739887959900092
1.874145379393241
1.8741573868016002
1.8742769842466174
1.8747082262867203
1.875037020837272
1.8751777382009718
1.8753983146096858
1.875645770364926
1.8763217151107856
1.8765336074986663
1.8766263838411397
1.8767986411879254
1.8770527549261424
1.877146363736389
1.8771934352518806
1.8782078181358244
1.8790541767762277
1.8791933172686242
1.8801358734998108
1.8812313001764358
1.881397529059132
1.8837257652886674
1.8849223696150856
1.8853341080213264
1.8861349129316731
1.8872172284169664
1.8879595099617894
1.8884143524580606
1.8886731447225713
1.8896741463571447
1.8900809910629843
1.8902351760028995
1.8909509626258463
1.8912041477063997
1.8924733299861893
1.8925731478834749
1.8931660767321374
1.893822086349028
1.894324154998089
1.8959417399359437
1.89823719532639
1.8986130334752556
1.8996440879623329
1.9000011148296787
1.9008271463650546
1.9008831398203931
1.90276149105323
1.9029492021883267
1.9032705938496906
1.9034799746269047
1.9039506267777082
1.9042634267330873
1.904353636142781
1.9056248871159596
1.905669345739038
1.9056915494616855
1.9057058937824674
1.9068039995557644
1.9068780968315777
1.9070212310321881
1.9071838108969474
1.907290709849086
1.9076746503210267
1.907676002363944
1.9078876137194982
1.9079160667945998
1.9093495223090104
1.9097248488704641
1.9102602142688545
1.9104981676634043
1.9105208261854623
1.910884568528917
1.9108916549724684
1.9110212528953865
1.9115614465141897
1.9122000786643936
1.9127422740716569
1.913270602109881
1.9133869294716725
1.9142139224484191
1.9143452263354308
1.9150123236649017
1.9152018632368526
1.9155384361333971
1.915980939716806
1.9164334440105577
1.9165732950439434
1.9168852910242014
1.9171120193584898
1.9171164858565948
1.9171563019676743
1.9173590029069567
1.917634166228095
1.9177198406467124
1.9207751737124867
1.921724486261282
1.9217512317193404
1.921926321762277
1.9219676542688402
1.9224292348329404
1.9229741946228496
1.925155002807833
1.9252962235558055
1.9279959344308264
1.9281663871402202
1.9318452968345887
1.9322719871332652
1.9323411768740655
1.93292018982108
1.9329928545698087
1.933394892682438
1.9347324838468507
1.9356891092574366
1.9361926098173814
1.9369395757578591
1.9370879644596168
1.9373915961315644
1.9378361748105088
1.938241842604007
1.939048900925287
1.940283717489014
1.9412102671063243
1.941272072388998
1.942971382051149
1.9437214679085566
1.9468781987955406
1.9482334157584877
1.9482492728812861
1.9492063976882694
1.9495593318856042
1.9507821185040861
1.9515810813768781
1.9516181699208195
1.951894136733502
1.9535289833156233
1.9537308746621223
1.9563521258142045
1.9570168831365038
1.9592839444777708
1.9593730549571908
1.961578122573132
1.965926043408142
1.9668607008913668
1.9695961776739925
1.973590442833995
1.9738137172210057
1.9755286551170423
1.977168303741028
1.9788628084763116
1.9799260058103987
1.9808281434025818
1.9829072555535687
1.9836267502828935
1.9848925782665745
1.9851347719227352
1.9873864734948137
1.9881025438665498
1.9881043478808174
1.988343703959932
1.9907646711562919
1.990895101997265
1.9930042754568629
1.9931976146348438
1.9956893696701354
1.9959138868274768
1.9959730288865185
1.9977223583036838
1.9981914666378278
2.002494974241083
2.002880312207309
2.0039435889936037
2.004816513031397
2.0056494499149684
2.0064304104407555
2.0069611060563988
2.0096042584261378
2.009829450023498
2.009885687988155
2.010824759342475
2.014031042494183
2.0150193018872784
2.015536736986149
2.0185679209651197
2.0200135868844917
2.020086851945018
2.0205318897353837
2.0208566500039638
2.023625420590272
2.024016209698195
2.025156086160078
2.0258056777584637
2.0285213767724755
2.029198017376266
2.0295880630031626
2.030923521947476
2.031590614226194
2.031959285509022
2.0321532391275188
2.032584620365126
2.034188679201144
2.0349406065215363
2.0370308133569672
2.0373919323204204
2.0394796649099587
2.046482530152795
2.0465526273574564
2.0490326952022238
2.0492956163059364
2.0519765044684335
2.0534484776956647
2.0538374035487044
2.0558915473804427
2.056791765438819
2.05789534459078
2.064174104039856
2.065516710200273
2.0660799124937945
2.0665138235050984
2.0706797200765887
2.070967894889775
2.071225207789543
2.0720331170341155
2.0778626337854997
2.0803792887837433
2.0817352058882292
2.0839686066957808
2.087998063305842
2.0885975148267204
2.097377851624644
2.107584224213326
2.112698829685386
2.1243365084083603
2.12525893326035
2.1271389751909493
2.1275408771044093
2.129143594463233
2.1302196851986355
2.1344403056682077
2.141390322727184
2.159846580193418
2.164427313263007
2.1807710865003336
2.18200664377038
2.1824946655177193
2.182700481356291
2.1842643989865502
2.1858879311165333
2.186445983200795
2.187287929644395
2.192373458213007
2.197308498308731
2.202405795532061
2.2047766885820703
2.205682331911199
2.2071513200667217
2.212683645124079
2.2133546052700916
2.2133714715758552
2.2142537501149535
2.218411930678059
2.221240754016609
2.222866136105903
2.223684341974585
2.2249807390472354
2.2257778802935
2.2261767544910374
2.2263633204388698
2.2287671160720177
2.2319219737889826
2.232774115110248
2.233262881786048
2.2334195493474245
2.2338812547213798
2.2341641976030004
2.234975460071937
2.2349856596949413
2.235252362686342
2.2352635249299486
2.235592889569057
2.235870550763404
2.2361785407961157
2.2367527959745823
2.236982159370003
2.237100689364913
2.2373461176815814
2.237523755640049
2.2380516513622544
2.2386648498811406
2.239336560886792
2.239369583165723
2.239966545710502
2.240335126729271
2.2405102691544316
2.2405144027439308
2.240956347938321
2.24095960121296
2.241848845556792
2.2420163763376837
2.2421684683366845
2.242349883210284
2.2426202074612807
2.242710988907523
2.2428523040291433
2.243233761379466
2.2436846453729005
2.2437330547976955
2.2442960707303574
2.2444090438926874
2.244618799790425
2.2446867448199916
2.245391902825302
2.2454620353518964
2.2458094398840416
2.2458526338368587
2.2459292002188143
2.246144783236486
2.247094803736645
2.2472793587509314
2.248089698033092
2.248855589708924
2.250478840593462
2.2506243139629825
2.2513171000905676
2.252567274114186
2.2537673878732565
2.2545728187277163
2.258089611560014
2.258191600304257
2.2598383286299195
2.2600459762843395
2.261236499161921
2.2631547051773597
2.2636469440104126
2.2637709950074294
2.264886506044675
2.2671941980223695
2.271594274669423
2.271968444947338
2.272879437685629
2.2745315835048436
2.279063370208224
2.2806674071996973
2.28217168922319
2.2827981216578115
2.2828731951504846
2.283569568474236
2.284446188593544
2.285127079085565
2.2877632451390753
2.288806663809141
2.2895066107670257
2.290144271946447
2.290495325257827
2.291742957361723
2.2924715126583544
2.2934529992779455
2.294847803465988
2.295951987137973
2.2962572855375463
2.296497918390945
2.2969926666264953
2.2972054245711635
2.2975732020202635
2.297673530305917
2.298039583007116
2.2985736837408486
2.2987112484723853
2.2995967259765795
2.299749924900518
2.2997745211742844
2.3001163379528786
2.3004727385250123
2.3011594051875517
2.301234369748354
2.3015170809598278
2.3017097452889796
2.3025369056550957
2.3034314695380456
2.3035714466647037
2.304026119889862
2.3050121824491328
2.305222604543389
2.3060114067230293
2.306173565109642
2.3062495051271896
2.3064680235690345
2.306820327320253
2.3068319625869673
2.30720035746133
2.307308918348532
2.3073541014573715
2.307916476576758
2.308917247628813
2.3089450786196792
2.3089656809911854
2.3089915275395407
2.309138240977842
2.309139831577111
2.3096845900894953
2.3096962665903265
2.3103255999247496
2.310407113586958
2.3105982301098735
2.310668204084613
2.3110380212365387
2.3111108989309037
2.3116207952610313
2.311978531286449
2.3121389456108843
2.312183368156416
2.3121850063950102
2.3124732491834243
2.312825978733497
2.312900404851114
2.312919397983153
2.3129727088691086
2.313591505876773
2.3136545818227985
2.313716635477275
2.31371905563161
2.3137322289083477
2.3139350479723526
2.314060006728992
2.314219362028804
2.3142455716575117
2.3143748875151555
2.3144956959152094
2.3145308560612308
2.31481026785225
2.314884161791504
2.314967620036766
2.315317161785684
2.3153178282202203
2.315443452150465
2.3154455573089763
2.315662137183421
2.3157486267582175
2.3157724650136875
2.3160921961311005
2.316434260361967
2.3168501528090353
2.316985729648239
2.317157535578856
2.3172033153123803
2.3172127802376776
2.317230427963703
2.3172706686971454
2.3174096390405317
2.3174100255729493
2.3174306247792633
2.3175794746943525
2.3176104903594994
2.318109473024517
2.3182351975915356
2.318481127329808
2.3184961442292287
2.3185243962959508
2.3186282159830047
2.318932066367641
2.319051889314024
2.319080309132068
2.3191786731875403
2.319547754939545
2.319596556489056
2.320013707715776
2.3201147220031935
2.320137077344515
2.3202100368932577
2.3202250170181347
2.3203572943917425
2.320412046874135
2.3206885870578478
2.3208494129016275
2.3208696235603514
2.3209496977587096
2.321099543494928
2.3211790271544475
2.3212599701630405
2.3212919830688143
2.321338942005291
2.321345730259355
2.321469624639972
2.3216592919632917
2.3219011801672313
2.3219833448226908
2.3221068437324672
2.3224997230281486
2.322622181543738
2.3226498276158716
2.3227261796377396
2.3228398422896332
2.3229123204690865
2.3232081775616984
2.323347519435593
2.323874847424018
2.323962050321305
2.324677904582445
2.324686257604594
2.3249658737753744
2.3250476832827323
2.32505642430037
2.3251179610495374
2.325325260775456
2.32554450170332
2.325636773257768
2.3258562967324234
2.3258993897633005
2.3267401867349897
2.3269645179663208
2.328696067199273
2.3289762533661196
2.3289816686026996
2.329363410261941
2.3296927646804257
2.3298194104056007
2.3299419954546914
2.330004694723298
2.3303175079532257
2.3311421947167767
2.3314258157853014
2.3315231079801744
2.3316186121803497
2.3319618981957753
2.33222074169193
2.332307055989528
2.332470039351925
2.3324974475663414
2.332508786373316
2.332519002350778
2.3325361655017565
2.3326028618131844
2.332609113639204
2.332700848833397
2.3333887308285424
2.333797519170548
2.3338228867780972
2.334046582789927
2.334536051723719
2.3349892380046957
2.335748179441364
2.3366861521507296
2.3370518106465017
2.338950168561776
2.3397972723926124
2.3398811168733458
2.3399017054315756
2.3400066387687373
2.34071149544293
2.3408761377027942
2.3409773880191405
2.3415533357026264
2.3417706697160954
2.34187914696076
2.3425003051785196
2.3427883481413154
2.3427995126033374
2.342953253398331
2.3437743072713806
2.343851157759203
2.343966438667217
2.344434851451983
2.344527531434317
2.3445310885369266
2.344813176195999
2.345830154308777
2.346134489329587
2.3461910190895536
2.3469637942789974
2.347548074180865
2.347607172454478
2.347967057359331
2.3494622855345026
2.3502302264892414
2.3502712506448336
2.350465622041653
2.3507006417449814
2.3508822574808477
2.3509337143645266
2.3509642167793965
2.351213425300947
2.351258914461279
2.3513270621710762
2.3514270751632664
2.3517337735384136
2.351961628754031
2.3522424947085474
2.3524976676408094
2.352650386837019
2.3528534965028687
2.3534721368790303
2.3535021088704635
2.353610480509114
2.3538043088824825
2.3538644711587002
2.3541183133058423
2.3541626888818166
2.35427382563367
2.3550209608530364
2.355254452946974
2.355313086669839
2.3562572671074946
2.356288347597535
2.356355027639827
2.3566457187228957
2.3566724910955714
2.3568362911792797
2.356837911610517
2.3568852464989325
2.3570286081924974
2.3580041515250034
2.35855976038586
2.3586752037137453
2.3586882205202446
2.3586888082346986
2.3587957001054827
2.35912283626918
2.3591557871199442
2.3593224825862413
2.3595556530936563
2.3597513191638457
2.360021900305766
2.3606238571721154
2.3608691696400825
2.360882279643687
2.361237066566914
2.3613192884876617
2.361848666805574
2.36243473096953
2.362607585726376
2.3627102722484135
2.3627436345907493
2.36283732801887
2.3628955000145555
2.3631780623864365
2.3634101529251543
2.3635075464123125
2.363787884387099
2.3637935849745504
2.3643162433486986
2.3644205591900262
2.364578839043308
2.364713390289125
2.3647496262386953
2.365752508616163
2.365855318905796
2.3658742680540947
2.365995093383967
2.366093522764751
2.366508150125614
2.3665936690942604
2.3667967342676683
2.366846400254452
2.367060731212386
2.3671063519818563
2.3671884870894444
2.367202839688121
2.367368326539835
2.3674667372124656
2.3675628641021387
2.3676500787361006
2.367775593602999
2.368033379159508
2.368275987241159
2.36830180114029
2.368351535055609
2.3684867800043037
2.3685853685240033
2.368715572682235
2.368744116053148
2.368839204857072
2.3689988823245796
2.3690091429024913
2.3692197142213485
2.369244934500246
2.36935848556695
2.369451750193924
2.369517159265969
2.3695405486591885
2.369573848807652
2.3698069867943277
2.370021131319341
2.3701679859771367
2.3705149633025813
2.370607954669582
2.370747144650457
2.3708141261201536
2.3709220824461053
2.370981845422319
2.3710207444886886
2.371040054176902
2.3710494816309198
2.3710573655745404
2.3712674642333025
2.3713288723682058
2.3713633924688167
2.371476096933625
2.3715470472611617
2.371580244630805
2.3717042013466934
2.3719206216238806
2.371934544038838
2.3720740820099677
2.3720874529421967
2.372147396240496
2.3722360914203406
2.372287271748381
2.3723345438161116
2.372608917835842
2.3727928210021654
2.372809000620783
2.3731035124097355
2.3731526747310263
2.3732246366657628
2.3733658255520975
2.373779301127098
2.3737819644111764
2.3738723614658137
2.374171429214597
2.374245606984895
2.3743430767768885
2.374419017004673
2.3744624229494353
2.374659079015832
2.3748213850950077
2.374879857606842
2.3750003081895037
2.3754873387556046
2.3755354537009667
2.375583705343341
2.375931557849084
2.376350916982503
2.3763678618422257
2.376497231161139
2.3766162894883207
2.376674183721851
2.3767305436389448
2.376796813429752
2.3768871992215836
2.37692644192012
2.377100433949095
2.3771627671490725
2.3771660668601506
2.3771986881646088
2.3773256443479003
2.3775935452707633
2.377601325772414
2.377743382595041
2.3777526067722152
2.3780233780199898
2.378073655220043
2.3780797645156238
2.3781823198103558
2.3781926362634853
2.378197774951735
2.3782786021553743
2.3784238527506316
2.3787458110868704
2.378978122262778
2.3790721277152755
2.3790788068259134
2.379116599749843
2.3791427072854794
2.3792003822258634
2.3793729870053073
2.3794276652361686
2.3794391069862972
2.379542294271297
2.379554606875244
2.3795627977499354
2.379689721854778
2.3797705688832904
2.3798878409245767
2.379968864167917
2.3801441049169476
2.3802356611435806
2.3804967585914207
2.380583375941097
2.3806077733839013
2.380818389294445
2.380843370615891
2.3809413342158123
2.381072078459638
2.381118548608795
2.381167595988875
2.381241691436636
2.3812572967373478
2.3812788207538094
2.381411221532632
2.381463600145572
2.3816149871647743
2.3817254646182833
2.381731445255491
2.381760534376106
2.3817961101965257
2.381866030297923
2.382026625623502
2.382041444964738
2.3821047400477955
2.3821843736110693
2.3822428714747743
2.3822456307575095
2.382698010745289
2.382753607630593
2.3828734186577365
2.383316032849792
2.383668975321376
2.3836856035794005
2.383727852398248
2.383796758239777
2.3838901261995393
2.3839335083869244
2.3839386398652214
2.384221169211216
2.3843739530318167
2.3844326157160967
2.3844587237187627
2.384472923185226
2.384475672255947
2.384571339421641
2.384626711885759
2.384637733080754
2.3846604538007985
2.3847436779928843
2.384796214669412
2.384898778557823
2.384973384992264
2.3850351332952813
2.3851175697795575
2.3851493748429893
2.3853133173289103
2.385338161490807
2.385348463691443
2.385483433177972
2.385511139422622
2.385672769880578
2.385915128876537
2.3859749668133
2.3860254300950587
2.386043055560149
2.386067522733841
2.3861907209174658
2.386256731524495
2.3862622708727694
2.386280878073838
2.386490306808148
2.386493661059401
2.3865822707583817
2.3867812262743784
2.3871745409219827
2.3872038513438043
2.387300006853743
2.387479708937045
2.3875070470550397
2.3876446262124094
2.3877792659245936
2.387820115322765
2.3880515120586083
2.3881251546974704
2.388269538945486
2.3882859846462736
2.388298224096179
2.3884615054941607
2.3884845214059585
2.38851417229601
2.3885628529014085
2.3886250741088064
2.3887451865654055
2.38890498132148
2.3890138421626146
2.389125516904464
2.3893949974452204
2.389410025208505
2.3894490699762305
2.389481334869792
2.3895743778148533
2.389718905794402
2.389968671212278
2.3899712107646893
2.3901488741916888
2.3903741540890264
2.3904160574474025
2.3904188624251788
2.3904287587849633
2.3904657259972337
2.3904891366287186
2.390495622532176
2.3905187082161614
2.390527615270211
2.391031117305318
2.391139255549963
2.3912040544696627
2.3912968826908356
2.391473862598198
2.3917143366372593
2.39179501682901
2.3919469210275524
2.392160357811533
2.392197065518704
2.39240220864717
2.3927659031400688
2.392782698542983
2.392893930359252
2.3929743243336827
2.393082911279902
2.3932058999552868
2.3935335147261894
2.3936936619635962
2.393866240434491
2.394003686988359
2.3941074602897183
2.394112258088018
2.3941804447202317
2.3943654213303054
2.3945457148631326
2.3947647743925677
2.3950601738747155
2.395082829902502
2.3952174178161645
2.3952657618583655
2.3954108440007684
2.3954635700605826
2.395780690086949
2.3958430694439614
2.3958896136489316
2.3960327347609263
2.3962660572385515
2.3963572974968
2.396406323002323
2.3964448647725267
2.3964977113109245
2.396514544709082
2.396540495141019
2.3965929424216474
2.396755552708175
2.396768896994233
2.3968691610873014
2.396917634661264
2.396936574002034
2.3972380774967954
2.3972575620625207
2.3972864136937426
2.3972879131643485
2.397454324940158
2.3974739605950983
2.3976114418853816
2.3979208868525443
2.397979712374115
2.3981911210475833
2.398329865010073
2.3983344301077634
2.398791649703555
2.398834576529697
2.3992015743499233
2.3992351767850737
2.3993632258912547
2.3994836173767586
2.399591680676479
2.3996389093259687
2.399755454196765
2.3998609544118352
2.3998767632375473
2.4002180325287
2.400311048559391
2.4003492282343015
2.400358346171647
2.400658881837805
2.400667650948982
2.400673288400062
2.4008191259723137
2.400947657898195
2.4011260962126886
2.4011995196127893
2.401226487158115
2.4012283319366112
2.4012830815405493
2.401424498718188
2.401751732476181
2.4017782321869525
2.401832105796874
2.401861486860103
2.4021839152492213
2.4022275335340626
2.40249427886298
2.403018487751911
2.4030314975654665
2.40312148448916
2.4031384910930416
2.4032490456975633
2.4032932526020927
2.403429849291215
2.4035182303656626
2.403531897694444
2.4037089686010837
2.4039277923592755
2.4041405151984594
2.404163215270099
2.4041860932162598
2.404492527037981
2.404750003692487
2.4048273974455707
2.4048514770070826
2.4048780476692557
2.4050107114594734
2.405152783698565
2.40549593006413
2.405499556938392
2.4055221212696516
2.4058063936030614
2.4058351573860772
2.4059241797659254
2.406076116408888
2.406135787350704
2.4062876797309722
2.4063362369977046
2.4063529565911552
2.406582874227271
2.4066409241875553
2.4066536061258472
2.4066757934330427
2.406707858922899
2.406979928702048
2.4078455198613984
2.40796657509413
2.408225402411989
2.4082678361060714
2.4084141330839874
2.4086731544005597
2.4087699491112162
2.4087734707128514
2.409065719567782
2.4091093580392595
2.409137580168585
2.409258304575914
2.409530992368003
2.4096165407557275
2.409624946855124
2.410181267022081
2.4103104689336714
2.410517024225075
2.4116694087067523
2.411798093653644
2.4119538826362583
2.412249001393544
2.4123888540827996
2.412487209763261
2.4126242321623272
2.4127245905438075
2.41279135758746
2.412888310902943
2.4129203220417668
2.413073119737763
2.4130956472321685
2.4135906558772238
2.4136112372738787
2.413819688010817
2.413873792993524
2.4140388742963608
2.4142307772278686
2.414608482039812
2.4148315199086148
2.415026401937345
2.415592170059628
2.4157187430621105
2.415797168081309
2.416040535552305
2.4160493344439318
2.416571784308523
2.416828990033916
2.416847154568793
2.4170789822414678
2.4173266373875695
2.417389943120752
2.417662916703597
2.417664889991339
2.4176899152526925
2.417942037182579
2.417997437546329
2.4180403631081395
2.4182428897845867
2.41848694798444
2.4189611339815733
2.4193079718878185
2.4198166519712894
2.419924054808538
2.4201223300973664
2.420197417199822
2.420580290124069
2.4206227489980696
2.420710605353808
2.4208570533227047
2.421173833426221
2.4212369681626247
2.422109371462973
2.422188363610641
2.4222605970284916
2.4225685555327603
2.4227576447516608
2.422939717405073
2.4229811944392416
2.423101328927839
2.4232507943323216
2.423366989913962
2.4237255037432974
2.4250033199519834
2.42526990911554
2.4253136713321797
2.4258502943071654
2.4258556592205633
2.4266543640395115
2.426845260178763
2.4269794194114978
2.4274443689920386
2.427928008925751
2.4280822575600185
2.4283053555206386
2.4284777133350675
2.429067632628931
2.429760429698939
2.4307337324411793
2.431147736863305
2.4315981520644305
2.432152289639453
2.432343406855651
2.433035969216919
2.43325671004523
2.4342579720378628
2.4354672898538134
2.4355438030601504
2.435649116059685
2.4356798897020564
2.435953613503328
2.4363435763988606
2.4371063975121
2.438725863003781
2.438860460877433
2.4397865395146168
2.4401530191264014
2.4417928650445773
2.444079802710139
2.445737770419719
2.445786936004461
2.4483791889700863
2.4811192337560235
2.4812979676195632
2.4869007978579942
2.4895848871802353
2.4949200902076516
2.4949241835660105
2.500128160454892
2.520608325692644
2.5242782495035945
2.5258250534605775
2.530320814518043
2.531430101184799
2.5339310565299966
2.53443729832936
2.5715356900598008
2.675502114739376
2.675511159082512
2.682120855762718
2.7081884633625117
2.7082006305878656
3.694422536162127
3.7076071048997603
3.7257960709577955
3.7499533936173925
4.14153566435441
4.171818708743295
4.173713671194511
4.185014695036587
4.194259596274848
4.194304096143332
5.067639291000836
