0.7429219960316473
0.7433826638585904
0.7449487178709103
0.7450355643369793
0.7467068983895753
0.7467599978849346
0.7470296571311866
0.7473589026343755
0.7474974241221103
0.7475214155394975
0.747749141462622
0.7480982736002049
0.7481904460275668
0.7486016027730961
0.748766200789294
0.7488091486731053
0.748835608791463
0.7490416549658413
0.7490942500435821
0.7496981232477219
0.7506676045117435
0.7512223957798233
0.751565427548014
0.7520192212510005
0.7520616311800709
0.7521223832360437
0.7523128258121958
0.7527960289669935
0.7528037761340843
0.7530470254354561
0.7532096005853695
0.7532155041574847
0.7533377316641009
0.7535087347448318
0.7535483656547026
0.7536129605172133
0.753681466842958
0.7536987118690591
0.7537432970315946
0.7538520908766623
0.7538610875533239
0.7541241140693683
0.7541393835050015
0.7542791805303743
0.7547025972344361
0.7550033971410404
0.7553913346237549
0.7563251599504627
0.7563276421884753
0.7567447701177736
0.7571804830675121
0.758440049856095
0.7587450820898837
0.758998498347396
0.7590736669873258
0.7595997432192109
0.7599403058996653
0.7600610555499685
0.7601809022469854
0.7620696190533227
0.762175645051662
0.762343267731117
0.7625888687671016
0.762836232098595
0.7633382513833251
0.7637768771849167
0.7653410137536066
0.7667033528980174
0.769091022871101
0.7692073477535529
0.7696192881933882
0.7696316955790918
0.7697118385906206
0.7725986507647504
0.7730059603899853
0.7735913286957037
0.773761169325923
0.7746509969658453
0.7769589518604851
0.7773350147637922
0.7842225568192757
0.7860929619861792
0.7881739514957524
0.7889291815481072
0.789624696287922
0.7897485695003658
0.7901587652586882
0.7903031992721465
0.7903947313125
0.7904095004518026
0.790504935950357
0.7909084646792789
0.7909107203908221
0.7910615391512807
0.7910742335492922
0.7912405737482401
0.7912825113391777
0.7914475409907886
0.7914949314131308
0.7915483007688856
0.7915897875102531
0.7916945006177434
0.7919181290855667
0.7923318379164315
0.7925938818554628
0.792725064690364
0.7929028884481223
0.7931971514403658
0.7933613559485999
0.7936925219720092
0.7938395506013187
0.7941214514489191
0.794153740886277
0.79440251529007
0.7945023794418405
0.7945972794197508
0.7947139045968726
0.7947479015679548
0.7949141309542165
0.7949181452259196
0.7949850930532779
0.7950101791859008
0.7952357878130956
0.7952439198652634
0.7954406839560442
0.7954775830733838
0.7956476074437486
0.7956494042460238
0.7956649534214395
0.7957774945582866
0.7958164743309553
0.795903145323724
0.7960261584470119
0.7960962601466663
0.7961329519372401
0.7961793085342034
0.7963244120136566
0.7963723364667376
0.7963816251059355
0.7967435581483584
0.7968027916713388
0.797051860510693
0.7970647913371278
0.7971021742403663
0.797102679294262
0.7971253221199308
0.7971431770137498
0.7971609506993259
0.7972148559426552
0.7972736438245195
0.7973652300227853
0.797383702110846
0.7974012684978622
0.7974430300934845
0.7975108737585241
0.7978105731147594
0.7978577768744054
0.7978798489317995
0.798016147329193
0.7980335631980262
0.7981206936457838
0.7982327742094409
0.7984268451536874
0.7984501420026505
0.7984545507817957
0.7987838986337064
0.7987941497554988
0.798819407099374
0.7988606332121695
0.7990185558193673
0.799166025681826
0.7992314016382082
0.7993131916605378
0.7993221840590181
0.7993415495473132
0.7993983216624946
0.799417946501471
0.7994408818154765
0.7994459580614119
0.7994943929747463
0.7997273879250179
0.7998714107810125
0.7999717925739119
0.7999899784193938
0.8000171544939334
0.800079752254734
0.8000949001607393
0.8005095208580466
0.8007168192143704
0.8010683628911679
0.8010862201989498
0.8010991043034029
0.8013783830601878
0.8014440708770035
0.8015422872245712
0.8016060273590938
0.8016453881180544
0.8017681104440428
0.8018266290855911
0.8018815109959875
0.8019452262291026
0.8020160614161332
0.8020880976439886
0.8021384391054361
0.8021715690618014
0.802211389061258
0.8022122011612648
0.8022729892345597
0.8023012468953094
0.80238539537189
0.8024117212850809
0.8024607957940414
0.8025022334164953
0.8025884425001969
0.8026471607329515
0.8030191568856355
0.8030764722574071
0.8031542612991496
0.8031599674534832
0.8031844542842986
0.8032090085060598
0.8033753440546495
0.8033907630358047
0.8034368641569928
0.8035019975072282
0.8035240646459161
0.8035339891903314
0.8036269597514965
0.8036517518711057
0.8036599815076628
0.8038666902000966
0.8041117364848789
0.8041223589967764
0.8042579362119827
0.8042619803946213
0.804451674888231
0.8044859084512407
0.8045180034282903
0.8046016286191201
0.8046241575758569
0.8047092849519935
0.8050094056711666
0.8050909257883873
0.8052813239793118
0.8053156707412317
0.8054162229123045
0.8055909189827909
0.805594746904582
0.8055961362450098
0.8057164245049024
0.8057613807921746
0.8058523016928153
0.80585581450969
0.8059313432784717
0.805970911896414
0.8062375404177842
0.8063542215798374
0.8065296143104242
0.8065349966950379
0.8065546357355354
0.8066084014041354
0.8068560822589241
0.8071339083876921
0.807321544043065
0.8073316741872409
0.80741255343424
0.8074378683039848
0.8074965830996427
0.8076235659480291
0.8076482493750687
0.8076638763436905
0.8077681849260463
0.8077751115348833
0.8077927771058546
0.8078020819006053
0.8078752883919185
0.8079127927036448
0.807915506452038
0.8079631012348005
0.8079728928334997
0.8079832515225365
0.8082748942989417
0.8084504345775738
0.8084752060094101
0.808477131651442
0.8085077156958009
0.8085300350884103
0.808565710728716
0.8085995290556877
0.8086822803881805
0.8087308467569339
0.8087774568672024
0.8088596435080848
0.8088927074147398
0.8089956286738917
0.8090057826038546
0.8090309617574049
0.8090412143089543
0.8090643949084829
0.809097827582794
0.8091332138980801
0.8091398717252674
0.8094577666809342
0.8095002717673639
0.8095292043282791
0.8095490166821017
0.8096195011039624
0.8096544502354847
0.8096782397320054
0.80978562196758
0.8097977136184693
0.8098027975785176
0.8098735430099643
0.8099043952949205
0.8099338340600237
0.8099572399072388
0.8100289816225269
0.8101530356888998
0.8102966325025399
0.8103727348524027
0.8106709566605393
0.8107406784501877
0.8109171842679325
0.8110741900324935
0.8111619046113272
0.8111846907414519
0.8112987693584172
0.8114367583097365
0.8114730974226101
0.8115609111409794
0.8115880403031271
0.8117056665796407
0.8117191121925698
0.8121161003217835
0.8121899736053356
0.8123044424233294
0.8123608342255663
0.8124407767945847
0.8125086500436146
0.8125197014458144
0.8126667784363805
0.8128105260432766
0.8129532207654109
0.8130115251182736
0.8130485111257786
0.8131776001936489
0.8132059175685029
0.8133929737319959
0.8136638916235085
0.8136987708981003
0.8137125661506455
0.8137750471879495
0.8137958342379182
0.8138061022542639
0.8139491018777468
0.8147054969985515
0.8147114500933773
0.814933545422777
0.8149354505185417
0.81501968598423
0.8153911377817568
0.8155531930985739
0.8155699147703656
0.8155873132431201
0.8156002704033297
0.815653337453627
0.8157872361288454
0.8158565288124049
0.8160055519572756
0.8161738420627691
0.8162328935710385
0.8164874215928675
0.816510806834008
0.8165885578321155
0.8167333366678245
0.8167717634030387
0.8170344737476364
0.8170700979347327
0.8171390947158794
0.8172853877770686
0.8179817567379957
0.818021493657731
0.8181003895466583
0.8182381354940412
0.8183522780632376
0.8186563220408986
0.8187277644027583
0.8188658501580492
0.8190221795432137
0.8191397980521663
0.8191824274538356
0.8193197825284763
0.8195410788861269
0.8195589341842251
0.820048557873812
0.8201773761068766
0.8205967857981294
0.821142323395494
0.821486190825208
0.8216949186402093
0.8221978923613658
0.822977042627758
0.8232063662157688
0.8232968427805611
0.8236772066892666
0.824111638240021
0.8242853010625809
0.8243549010504323
0.8244180882312425
0.8244502810592984
0.8245428217682073
0.8246223348017894
0.8248577243519818
0.8253556389299571
0.8262615647333728
0.8262707156997295
0.8267242991814425
0.8269463529594009
0.827199700538426
0.8278755983637359
0.8283547556671168
0.8287336956117494
0.8299012600796813
0.8317121362386698
0.8319140774190178
0.8321902600005467
0.8326725576985691
0.8332627568884834
0.8350309455226115
0.835191638104919
0.8353485190979878
0.8357184981877733
0.8359089573058156
0.8360932454117421
0.8364802428623704
0.8372058428548121
0.8373169497177315
0.8374920089106463
0.8376006521135272
0.8376339091433769
0.8381294700685122
0.8382609695593911
0.8385495596486195
0.8391037018311418
0.8393634463367934
0.8395838034628631
0.8405412136743602
0.8406871397318669
0.8411779193424745
0.8412624983494226
0.8413225474631226
0.8413667708692412
0.8415690288567023
0.8417096909568718
0.8420235100112361
0.8421194299408518
0.8424302329561298
0.8428500783036078
0.842966947344749
0.843241268332018
0.8434898087890498
0.8436142107123474
0.8436538730894696
0.8437551086617056
0.843889405790067
0.8442036983545522
0.8445302122690761
0.8449936310029187
0.8451597809470894
0.8452012490702318
0.8452111483219612
0.8452871305314468
0.8454472065315753
0.845448018480652
0.8457911644599727
0.8459586926643486
0.8459729465910445
0.8459870828003831
0.8459935948209942
0.8460625260419726
0.8463409954899745
0.8463949038441613
0.8464188834014104
0.8464659543303475
0.8466664833354516
0.8467868590856589
0.8469010325396034
0.8469352474734876
0.8469900550363956
0.8470306072099848
0.8470615477885131
0.847102625566803
0.8471103412850884
0.8472159519611369
0.8472914939110154
0.8473200910963781
0.8473983647959676
0.8475252156442264
0.847540800991445
0.8475832031227151
0.8476751547922136
0.8476850986651936
0.8476951816066569
0.8477267393344037
0.8479074441937915
0.8481001589153652
0.8482284526094952
0.848265524442884
0.8483025216299586
0.8483879994532613
0.8484859285863884
0.8486971747614479
0.8489292607213691
0.8490163050735898
0.8491769757592444
0.8493090772337422
0.8493261690037739
0.8495299073154504
0.8498693184744004
0.8498825466889869
0.8498965748689027
0.8499452577738439
0.8500990535226797
0.8504493734881045
0.8506049695045133
0.8507111623043306
0.8507165990896057
0.8508404676082384
0.8508451112124253
0.8510030841269146
0.8510753542419932
0.8511181906425671
0.8512149958883405
0.8512488145075332
0.8513639689207846
0.8515094783595402
0.8516547394221082
0.8517302455205162
0.8517373095015577
0.8522149980232921
0.8522543258945233
0.8522784443261521
0.8523746896881756
0.8525663594424142
0.8527296105359156
0.852937673943807
0.8530173419902316
0.853031401920232
0.8530723894374584
0.8530981338925109
0.8531313499216171
0.8532435778628176
0.8533389025785825
0.8533482916146775
0.8533622441544085
0.8535943607966255
0.853620291854412
0.8536771207931638
0.8537250852603817
0.853803428135916
0.8538722205534562
0.8538983096900963
0.8539791619267293
0.8540950784854902
0.8541716509110513
0.8541912597682596
0.8542842657509268
0.854298700474436
0.854387255246076
0.8543978715557001
0.8546466905989096
0.8546917992639789
0.8548073653132636
0.8550168860125548
0.8552116208791086
0.8553016540219555
0.8553569765985508
0.8556161176537661
0.8556778996647099
0.8557458401072968
0.8557490728935835
0.8557659055094362
0.8557830980124583
0.855950046251011
0.8561125740639187
0.856285721414568
0.856307633500545
0.8566698663311912
0.85671479359761
0.8570031770634028
0.85709422361116
0.8571778772973497
0.8572624407242003
0.8574776678927609
0.8574813663727916
0.8575789426162178
0.8576150766188548
0.8577038918722241
0.8579332015188302
0.8579389721910676
0.8580508173275984
0.8580513944819985
0.8580827166872464
0.8581032440879774
0.8581417486859295
0.8581685379420501
0.8582043839432804
0.8585806996456327
0.8586154357556439
0.8586291964548617
0.8586610438761237
0.8586724074089912
0.858720473233699
0.8589856455446785
0.8590317397328882
0.8590404341002215
0.8591613533701573
0.8591688918003877
0.8591891722839257
0.8592144742388437
0.8593626692658616
0.8594127869795982
0.8594709189248712
0.8595362551458451
0.8596326217788458
0.8596764029412599
0.859758641035375
0.8598940946348343
0.859944890513499
0.8601115737765926
0.8601417221092592
0.8602092488286375
0.8603061828103333
0.8604535305301086
0.8605341738534136
0.8606303649420857
0.8606471234355035
0.8606534187068232
0.8606887322813682
0.8608362545379299
0.8609603119019323
0.8610051591374367
0.8612876472260377
0.8614153340758766
0.8614204645129337
0.8615447449125061
0.8615720397068793
0.861699105209546
0.8619724121953289
0.8620036191762257
0.8621404329707436
0.86220683729462
0.8623151037201606
0.8623945789431228
0.8623954887172948
0.8624229209714225
0.8624645923967146
0.8626184597289457
0.8627806717557712
0.8628479715499678
0.8628617551887708
0.8628674271390991
0.8628752797811182
0.862921697803568
0.8629531836798504
0.8630308230606885
0.863039862283021
0.8631620659443735
0.8632012145777842
0.863235544672328
0.8633721786175261
0.8634036677081101
0.8635131426315784
0.8635174660482807
0.8635931489066696
0.8637400963020674
0.8637477676829481
0.8638475101338483
0.8638565918085983
0.8640060542755483
0.8641242506802419
0.8641598561169648
0.8641860596922921
0.8642181952073892
0.8643260293788938
0.8643874227443196
0.8644098621693551
0.8644875838774821
0.8646794354081534
0.8647173381092876
0.8649344979228898
0.865106074971413
0.8653531919290446
0.8654341605366602
0.8654609822132648
0.8654759577795335
0.865519912927277
0.8655429099801212
0.8655986017129511
0.865665081422097
0.8657538283446572
0.8657720781745142
0.8657997710094366
0.8658422996991311
0.865870195490708
0.8659733109678949
0.8659959227224875
0.8660490516247928
0.8662237831323442
0.8662315827693385
0.8662567117935167
0.8662666389145939
0.8664026482151356
0.8665198479537064
0.8666085947182364
0.8666378841338597
0.8666551558159337
0.8666600755034218
0.8667037070279482
0.8667821739766394
0.8668049475810639
0.866828103167638
0.8668945965667805
0.8668959647583611
0.8669714148344861
0.8670290594557134
0.8670336890219745
0.8670480384030411
0.8671233956386961
0.8671693776151485
0.8672509459587051
0.8673523693737891
0.8673542689684569
0.8673661518982625
0.8675323371815031
0.8675518015697183
0.8677622765961738
0.8678145671382858
0.8678499629461673
0.867966770608047
0.868085460145675
0.8681280727301262
0.8683599327488726
0.8683648678069562
0.8685950714550341
0.8686917148345827
0.8687018343972168
0.8687052705659105
0.8687952298812641
0.8688614191474439
0.8689265500519153
0.8689428560894458
0.8689564778888601
0.8690082116228248
0.8692326568575862
0.8693960430971804
0.8695002390543447
0.8695386637203928
0.8695412671394507
0.8695785492588834
0.8698622428084105
0.8698648874458689
0.869872731786014
0.8698917694702988
0.8699382298465718
0.8700268207406748
0.8700662316312887
0.8702707895740254
0.8703828110174683
0.8704279127168438
0.8704513608861613
0.8704555571320731
0.8705061655146108
0.8705131141510128
0.8705875888110426
0.8705970223216078
0.8706067120728734
0.8706172110024061
0.8706571898742087
0.8706864385913036
0.8706921643593646
0.8707727562324932
0.870796127888054
0.8708061411356676
0.8709401924669891
0.8709840570231815
0.8709989538540334
0.8712111871335473
0.8713033569547504
0.8713121941208081
0.8713173608426676
0.8713957401207526
0.8716320784801695
0.8716735745691766
0.8716766246929049
0.8716798397745115
0.8716882024150928
0.8717010466071373
0.8718457433283688
0.871846184439791
0.8718641646049261
0.8718725818525375
0.8718841573833598
0.8718888177199146
0.8719163556883955
0.871917811102705
0.8719709154406051
0.8719850177997555
0.87211511774129
0.8722542983240402
0.8723096170437057
0.872313493908365
0.872385438227672
0.8725727473929349
0.8725821611907213
0.8725853327888138
0.8726187584345055
0.8727732308184529
0.8728043656121418
0.8728066202575229
0.8728252052779352
0.8729266936204816
0.8729539475833971
0.8729661145768518
0.8729812152084453
0.8730661754392794
0.8731593318351211
0.873173569129073
0.873345327222173
0.8734258843624751
0.873662261139753
0.8737689277418219
0.8739152634110545
0.8739467393642691
0.8740357402805338
0.8740431693203852
0.8741480715615831
0.8742932594069166
0.8744122001346508
0.8744377501910292
0.8744390178763862
0.8746378917412261
0.8746498916774589
0.874659928443817
0.874662724059764
0.8747611652561138
0.8747860116671342
0.8749131282316344
0.8749186249113647
0.8749516711273578
0.8749605407856152
0.8749675074488594
0.8750531025193564
0.8751855002526291
0.8752368109495947
0.8752464630183433
0.875278344463831
0.8753409442925216
0.8753897428093677
0.8754166615057838
0.875486564265544
0.875567082731882
0.8755955387795421
0.8756109377528293
0.8756519153446073
0.8756731281473965
0.875732858581006
0.8757549576169733
0.8757629039495834
0.8758547675823883
0.8759345676962417
0.8761596801109578
0.8761635847748381
0.8762000226269548
0.87622110055731
0.8763112393227852
0.8764822272496667
0.876496630015977
0.8767429595692701
0.8767975320894565
0.87683760542582
0.8768935007896362
0.8769724080459252
0.8769954254102834
0.8770401462180227
0.8770646938523577
0.8770729637046479
0.8771533987778645
0.8771667380644045
0.8772512063544355
0.8772922119934754
0.8772993706386969
0.8773386607562368
0.8773802102216204
0.877553380935781
0.8776398119240469
0.8777327908473611
0.8777874256417805
0.8778328366096747
0.8778989931373682
0.8779231434998356
0.8779243857805404
0.8779467921241614
0.8779759027739088
0.8780071151480846
0.8780116982903883
0.8780227719580372
0.8780753614677246
0.8780787058912866
0.8782386908974522
0.8782548929104943
0.8782716736714724
0.8782778012932034
0.8782914235653501
0.8784910794427813
0.8785299824248071
0.8785898507786325
0.8786964369079165
0.8788002436391925
0.8788055205203841
0.8789168046439246
0.879196557642834
0.8792265866684119
0.8792413179576241
0.8794750086077665
0.8795236351333624
0.8796290069461069
0.8797020439222892
0.8797119538094924
0.8797187301833338
0.8798145913504357
0.8798467124893433
0.8799412656710395
0.8799578209126694
0.8799607655937096
0.8799903794974197
0.8801316963905541
0.8801866215825594
0.8802774437238595
0.8802779099659997
0.8803279243985995
0.8805252604739995
0.8805705257237675
0.8806293280137458
0.8806943160755758
0.880817908773719
0.8808463211803625
0.8809219963468191
0.8809428371384367
0.8810108592997308
0.8810133664685595
0.8811586784449965
0.8811835462029195
0.881246085081489
0.8812953245999771
0.8813058363456432
0.8813404988573531
0.8814756441879236
0.8815440935223546
0.8815621276064488
0.881654999905602
0.8817782311896268
0.8819140292999303
0.8820537875345602
0.8821205976602766
0.8821304885286013
0.8821655786852398
0.8821866318077874
0.882222806730072
0.8823255963021132
0.882353567145175
0.8824611136221943
0.8825274948874342
0.8825953324256591
0.8830494120412599
0.883084678519734
0.8831117625905303
0.8833270223701902
0.883358717470573
0.8836235562114947
0.8841421629743125
0.8841654285359783
0.8841999152831853
0.8848626582538028
0.8849056584533479
0.8849782169188054
0.8850248488488106
0.8851824961692338
0.8853619873847042
0.8853819830235834
0.8853829111952507
0.8855371571534835
0.8855744567623706
0.8856106760337608
0.8856337609072861
0.8856588121041
0.8856956552078625
0.8858275696261435
0.8859278708886796
0.8861544631847154
0.8862705124575571
0.8862718648063158
0.8864175151870063
0.886417585733184
0.8868045978808662
0.887135264444567
0.8871718493387255
0.8872701028135308
0.8874100974644141
0.8874675464056713
0.8876768285651877
0.8877318074623506
0.8879117641099755
0.887966249460302
0.8879746332584025
0.8879873757093167
0.888193151693503
0.8882006783386879
0.8882927498133008
0.8883535250861244
0.8883774491803879
0.8884842194463616
0.8884988459159224
0.8885220166311271
0.8886477398127494
0.8886517963220041
0.8887276760255813
0.8887624155390867
0.8887750533299728
0.8888009466787077
0.8888901892931415
0.8892237862523326
0.8892375501741845
0.8893595513668355
0.8894388974672229
0.8894774456724844
0.8896730475293008
0.8897667257297809
0.889820629338634
0.8899267577069018
0.889990215456922
0.8900458114976697
0.8900999320677202
0.8904644910220042
0.8906035225409261
0.89060924893477
0.8906650155916522
0.8906667361333692
0.8908217903958091
0.8911948870575126
0.8913004930406699
0.8913028352104866
0.8916442078432208
0.8918372873917346
0.8918584570209978
0.8918755951097945
0.8920103495640666
0.8920168508830316
0.8920749993820243
0.8921616393942735
0.892162364843624
0.8923137760476627
0.8924369121580217
0.8925313714666946
0.8926531940207052
0.8926981816458726
0.8927490398202462
0.8930254743706282
0.8930641077752246
0.8931835872830098
0.8933359193166502
0.8933925102522269
0.8934682488822488
0.8934971388237863
0.8936760472320103
0.8937204236543476
0.8938734956512199
0.8940182677259314
0.8941266664697005
0.8941394677388308
0.8941488757889043
0.8941505808401182
0.894204085618126
0.8942065358121875
0.8942806713675757
0.8942965297748457
0.8950808752349251
0.8951238377553219
0.8951258157183326
0.895259530949685
0.8953060561216216
0.8955575549294466
0.8957236954252508
0.8957940723327882
0.8959016598244428
0.8961208105239563
0.8964029447186598
0.8965662697001902
0.8966177968660044
0.8967747762257426
0.8969058302325776
0.8978652791706848
0.8978872454430714
0.8980535385214123
0.8981063270077781
0.8983077605700901
0.8984500229470969
0.8987783493839046
0.8989914903517832
0.8990484888997078
0.8996565849434305
0.8997312202777475
0.899844456084312
0.9006554266824937
0.9010776050134602
0.901144078154719
0.9011677200426742
0.901281257064587
0.9013278884758268
0.9014226360932558
0.9015798208093981
0.9019625927759637
0.902094069689409
0.9022244772226771
0.9022751360133233
0.9026911781564203
0.9027290430556265
0.9027474116787654
0.9029050933462336
0.9032699813956038
0.9035347477211244
0.9039581180134074
0.9040454577516358
0.9041617098685734
0.9046016876263382
0.9048504825755213
0.9050533440666244
0.9051407981703895
0.9053611180043378
0.9054446662737804
0.9055977537082712
0.9059120432736568
0.9065579506466184
0.907035136759673
0.9071664102566644
0.907358344374254
0.9076995302587586
0.9079079604299188
0.9079195646668543
0.9079429247170152
0.9080046978470082
0.908242183807051
0.9082483949062111
0.90833151464066
0.9083755023418488
0.9084497472843053
0.9089473649933782
0.9091167874778723
0.9092160032346954
0.9092650985200762
0.909800482441677
0.910001745775951
0.9103094975758514
0.9103490033284537
0.910493954442895
0.9109352956476104
0.9111067994456474
0.9116653434455408
0.9121903864988556
0.9131205497923919
0.9131285050855077
0.9135716321625839
0.9135739938472892
0.9139191157467044
0.9139779393347168
0.9143119546527666
0.9143359182964809
0.9147541963891371
0.9147946125730148
0.9148230161347366
0.9152850714349865
0.9153206688313213
0.9153673691677919
0.9155779647031733
0.9160794514349222
0.9161744113284084
0.9164280758472074
0.9165962187854174
0.9167062968097878
0.9172537417454698
0.9173883709866123
0.9176540716493697
0.9179791333137183
0.9183236335462669
0.9190418691834291
0.9191268668801253
0.9198149403397391
0.9199863168471014
0.920028305239058
0.9205880593145856
0.9207299255704294
0.9208224045412322
0.9208970602399129
0.9211293240154462
0.9214803739453071
0.9215744887116688
0.9218192523143603
0.922388012567744
0.9226053863151736
0.9226880219094972
0.9230607868382449
0.923199990038018
0.923516648530305
0.9235366963046452
0.9237512130149402
0.9239158772389527
0.9239534893793685
0.9244676039763696
0.924918299491974
0.9250880883619672
0.9253847377462238
0.9257199014805239
0.9258911503256901
0.9259349615989843
0.9260660799306869
0.926331681919888
0.9265449202850928
0.9266883227311947
0.9267646855749309
0.9269159145106197
0.9269403639226481
0.9270019488398921
0.9273049871404129
0.9274693340279363
0.9276654917151872
0.9277236374217138
0.9277673031863769
0.9278604818963461
0.9280658037761174
0.9281664273585792
0.9289045169937388
0.9289532946272616
0.9294516466183482
0.9297113495639244
0.9298229947458575
0.9301209497553404
0.9303298319328466
0.9305821464583874
0.9321352992157236
0.9322172859128525
0.9323437038537075
0.9326137574989393
0.9326202855920794
0.9330463053950463
0.9333064369421924
0.9344051746078842
0.9347214323238849
0.934975733650102
0.9354762780601399
0.9357514495369949
0.9360301214123992
0.9361391035643793
0.9364147105314892
0.9364960381358984
0.9366158521195379
0.9367870767554048
0.9368299160508117
0.9377057002589071
0.9382030449930311
0.9382397012955959
0.9387196458080714
0.9393310255783978
0.93980069219123
0.940539609132192
0.9415641564939651
0.9417614122408328
0.9422149051758125
0.942294280904344
0.9423755710279018
0.9425143604301125
0.9430824854326705
0.9433174411360552
0.9436731162128402
0.943835598606676
0.9440498270666525
0.9449913664338259
0.94527466064772
0.9453360189270547
0.945629722383852
0.9460376907934738
0.9460963611532102
0.9463835450225129
0.9465768327911706
0.9470816514025803
0.9472178958443075
0.9474902411347078
0.9481658066540493
0.9489227166238509
0.9489324760392388
0.9492328859221336
0.949514438662175
0.9495920501110368
0.9496682136919634
0.9496792523997223
0.94972573266442
0.950122800043703
0.9502502503045049
0.9502775106041389
0.950510165101942
0.9508932585845563
0.9509227846904601
0.9510767473726592
0.9511856021033636
0.9511992689801573
0.9514271690491375
0.9514617105951693
0.9514664692076311
0.9514874142657046
0.9518088740568387
0.952166938592813
0.9523125486300488
0.952596477566402
0.9526396690595761
0.9531902128866953
0.9535821195011118
0.9536326753142793
0.9540819436138163
0.9541044952756316
0.9543615752441065
0.9547372608314917
0.9547957189698335
0.9549723127914558
0.9551781475320157
0.9554037896348802
0.9554576187766056
0.9554801456217213
0.956006129662456
0.9570897686567769
0.9571375868865718
0.9572092435444632
0.9573586084791809
0.9576346674491293
0.9578638459399762
0.9587619131580273
0.959232000237231
0.9597772298123708
0.9601656219244111
0.9602134695419352
0.9606348354754448
0.9608464982168897
0.9610392114312554
0.9622036561650283
0.9622628800319512
0.9623664437086107
0.9627200613072325
0.9629295231644363
0.9631089901448934
0.9641237654481641
0.9652950388620681
0.9656031760492755
0.9657909495189254
0.965904605139685
0.9660441172489934
0.9660671699552537
0.9661789021831693
0.9664966540535548
0.9667172248119484
0.9668466505433729
0.9672991554684071
0.9673106629418542
0.9683927745565237
0.9686549227953308
0.968900512082657
0.9689756596493144
0.9698113613087148
0.969812915731427
0.9710010610452612
0.9711034060616802
0.9712899980462838
0.9713028815055124
0.9715844189987903
0.9718638470182009
0.9719535233105251
0.9720324718056848
0.9720877223321464
0.9721869528246375
0.9722043163589635
0.9722189910926681
0.9726066090825556
0.972635575103971
0.9727188686943777
0.9729984204339838
0.9731634740475575
0.9733084797050892
0.9734776484212111
0.9735310785137412
0.9735337816238359
0.9739706125461531
0.9740193383165339
0.9743974004403793
0.9746862770277817
0.9749994781090955
0.9754793611863268
0.9755283461071187
0.9755406805701035
0.9757154063594782
0.9767689801420248
0.9768615208553247
0.9768712404889931
0.9771916379314662
0.9772987421386098
0.9777025633998274
0.9781240392812401
0.9781460081580075
0.9786486296882145
0.9789448840359937
0.9798870726917203
0.9801470921186559
0.980149030717123
0.9817147068831094
0.9828048112169279
0.9834406224358603
0.9834808062417281
0.9836124268376581
0.9836407816259519
0.9837863655455228
0.9837915670167423
0.9840695803398515
0.9842297542399984
0.9842523173220917
0.984320732191561
0.9843497413647812
0.9843525071566752
0.9847540893610238
0.9848168208572724
0.9850629392892178
0.9854785838041271
0.9855968989774964
0.9856346373951562
0.9860624734965184
0.9861537732297565
0.9861725921542689
0.9862062743663961
0.9862333673521747
0.9862522881905956
0.9863589572738445
0.986409958689573
0.9867120367493696
0.9868505523724875
0.9870175896382118
0.9871572571310047
0.9877292577891482
0.9877397925309813
0.9879765657502518
0.9880507435877216
0.9887623945326536
0.9888885134020636
0.9892676176202858
0.9894029462486684
0.9898404345053319
0.9901979781853588
0.9903192691463816
0.9905545257065403
0.9912789540937387
0.9913989885744158
0.9917704232042523
0.9920418946634809
0.9921677483870707
0.992255806789936
0.9922894803800693
0.993312369630306
0.9934191747778672
0.9938169633082113
0.9938565051045315
0.9939334760374722
0.9941563009333134
0.9942698973639416
0.9943342005619784
0.9944043718258311
0.9944893967738884
0.9952709617566917
0.995313229400611
0.9955002025440671
0.9956299896143458
0.9958006533559987
0.996107897820584
0.9963089905853031
0.9966120599442966
0.9966962708935034
0.99673839779596
0.9968820954302923
0.9976360630441726
0.9979138259524877
0.9979188007920047
0.998091939759745
0.9985183317305474
0.9987378934521828
0.9988672105891057
0.9989288887894104
0.9990955194530632
0.9994932038455688
0.9994973088089694
0.9995688271233375
0.9997274786921367
1.000000533528671
1.0000012295667968
1.0000785715755423
1.000081852857962
1.0005163371024066
1.0005248531866755
1.0005666467642516
1.000761871455423
1.000790506422609
1.0010176225543759
1.001202764586972
1.0012904808736858
1.001715833590951
1.0018622045005818
1.0020793240344503
1.0020885636590098
1.002219427093016
1.0024185507638639
1.002457547701629
1.0025464935094341
1.0027438059121814
1.002830208248411
1.0028569947222497
1.0029758350292712
1.0030600525824704
1.0031282070197216
1.0032822271410369
1.0034070291808557
1.0036003299522582
1.0036009637754661
1.0037316610529277
1.003991726023529
1.0041926705076
1.0044318496885651
1.004519175797392
1.0054905461528623
1.0058397708982718
1.0060113176858465
1.0060874503698019
1.0065202320263464
1.0066151929952571
1.0070544565091142
1.0070809376315906
1.007226209627412
1.0074098900174746
1.0075538150808196
1.0077007659723356
1.0082905002760367
1.0085120194458388
1.0088317668795803
1.0088580928729416
1.0092076789685271
1.0095489911194153
1.0096123410582014
1.0096133324781933
1.0097405033417153
1.0098076481652019
1.0102755259188057
1.010297836095015
1.0103697764954704
1.0104051446669366
1.010546415622915
1.0106203523247288
1.01075594826033
1.0109539929874019
1.0110716809546973
1.0115273182610511
1.0118911278799745
1.0125924994175477
1.012680144862568
1.0127249138145742
1.0127285086819076
1.012743120537339
1.012828604574334
1.0128295522227169
1.0128776797051116
1.0132725296668892
1.0133544092531326
1.0136278854401821
1.0138876985158285
1.013963128380667
1.0141256533123852
1.0141876409771358
1.0143822065900443
1.0143875752910319
1.014461430264273
1.014523804032964
1.014993517955259
1.0151220426202598
1.0151517722881906
1.0152841505590815
1.0153015981460483
1.01530892279933
1.0153254843789672
1.0157001821171727
1.015801970277626
1.0159460302020937
1.0162116189988641
1.0163004353542602
1.016363244254699
1.0163894073130344
1.0164149347199773
1.0164326155698533
1.0165732337774311
1.0166177503640688
1.016645934061524
1.0166753102229544
1.0169379567459538
1.0172617363747607
1.0177139334599747
1.017778031521038
1.0177786418490697
1.0179747793376892
1.0183245236004732
1.0184717212312384
1.0186534873146893
1.0188536282611829
1.0189802793489404
1.0190899354589356
1.0191292037361923
1.0196042110572514
1.0197024602918718
1.0199926369331118
1.020257866973385
1.0203579128300426
1.020359298941463
1.0204322778150818
1.0210338412950115
1.021155773519547
1.0212001507297948
1.021571308134427
1.0224214182590952
1.0225303817586573
1.0225377759144838
1.022600095371321
1.0226497163033257
1.0226954701209805
1.0227451410798096
1.0234359206419608
1.0235128803599134
1.0236312910300616
1.0237619060187237
1.0237652335999843
1.0240407387016008
1.0241355332782993
1.0243544170645058
1.024443821454179
1.0244447746710739
1.024490462761461
1.0245987807192325
1.0246675958025038
1.0246794102848495
1.0247558624782576
1.024830413470806
1.0252071768754152
1.0254204299356269
1.0255403340517382
1.0255451717460282
1.0256241713510637
1.025950960289066
1.0263006920798972
1.0264846678880781
1.0266202795815504
1.0266887623148655
1.0267113148437441
1.0267647221129603
1.0268514682662024
1.0270126080606417
1.0279157050430772
1.027949319253666
1.028105902788594
1.0281821640312496
1.0283754142507
1.0284681380036889
1.0295132273314191
1.0295852424554373
1.0295994565225826
1.030402247363154
1.0304235348819348
1.0304912760220621
1.0308314757712012
1.030915916883614
1.0313935606155462
1.0316765624556794
1.0318479466470896
1.032373402658783
1.0325655477367286
1.0327336698893796
1.032861826941016
1.0331947379073103
1.0335062674300637
1.0342070297411143
1.0345330136932327
1.0348212709769653
1.0352375960866858
1.0354454549994518
1.0354526698554796
1.0355654235037042
1.0360369307661401
1.0360897826619313
1.0360972460749627
1.0366752665884387
1.036865933317587
1.0372199848351709
1.0373923865915835
1.0374896166017489
1.0376105549941412
1.037646932060702
1.0380260818278682
1.0381318536520163
1.0381709797624572
1.038482289458983
1.0385297510364142
1.0385415456432285
1.0385462000968813
1.038796684389566
1.0390623040855882
1.0391226481720552
1.0393850724749023
1.0393974211049428
1.0397935186463736
1.0398924874756674
1.0399025366036314
1.0399680735850096
1.0404161372490472
1.0407173567676702
1.0407794165142987
1.0409254438372098
1.0424256894737323
1.0426596868961395
1.0427398313187555
1.042749230494322
1.0427524473399894
1.0427911317744514
1.0428626955261775
1.043056550289989
1.0432492982978823
1.0432678885342368
1.0432692904214067
1.0433214953117693
1.0434006495117432
1.043586822183855
1.0436872890725064
1.0439049888651073
1.044176632748332
1.0444188191516188
1.044480619921658
1.0446238881897103
1.0447493736777413
1.0451030241947379
1.0451986292122735
1.0459040998301663
1.0459539656235937
1.0460359134824706
1.046204535045111
1.0462678784800925
1.0462806002398317
1.0463028081477637
1.0465377804705516
1.0468341223991682
1.0470185841823871
1.0475507923969778
1.0481267260513276
1.0485183957432485
1.0486760115254967
1.0489256252603059
1.0490284580680724
1.0493151376473115
1.0494234138388272
1.0497576473756247
1.05006471004199
1.0500702675332256
1.0504151058729814
1.0506410623014697
1.05069686180213
1.0516137083497403
1.0516150610065604
1.051738168301033
1.0518666169933795
1.0523348396210819
1.0523465148135651
1.0524205629208374
1.0524417825620893
1.052457246682766
1.0525710665126564
1.0526430953070895
1.052648999934369
1.053266072836818
1.0534969409859578
1.0535795937224839
1.053616725611413
1.0537003608534419
1.0537645727420362
1.053850298917021
1.0541337700226983
1.0541819255256366
1.0543462370365178
1.05446790210249
1.0544731062542396
1.0546676886297743
1.0549328843228214
1.0551206337685788
1.05529914707142
1.0553947537766637
1.0556191097046266
1.0558022030096115
1.0560607709362537
1.0562566869636318
1.056682887681567
1.056720225256819
1.0569407631205519
1.0570685171754415
1.0574379546133352
1.0577691505598148
1.0579044173782828
1.0579229522420996
1.0583393181659482
1.058344475977572
1.058797544077321
1.0590644136272294
1.0591956895292494
1.0593583112348295
1.0593949659534434
1.059420536161967
1.0597557529780834
1.0597612863517463
1.0597774162866478
1.0599750031564688
1.0600107996216759
1.0600153777654575
1.0602140459242055
1.060239317363733
1.0604253715674525
1.0607019316161987
1.060739285059737
1.0610067948544222
1.0612802024892887
1.0614493313840465
1.0615844023802752
1.0615869929106247
1.061840194437747
1.0620805777746227
1.0623266233886195
1.0623664779039768
1.0625529857775442
1.0625596624733287
1.0625730197766168
1.0626381405498824
1.0627240684956736
1.0628721792228413
1.0629559835641504
1.0632235118982978
1.0632811273326017
1.063281365726528
1.0633743257845192
1.0635249016133705
1.0635253388484456
1.0636661115212893
1.0639794402210387
1.0640124389614265
1.0641983483347346
1.0642059034610851
1.0643013496361355
1.0643125846358492
1.0645444907650128
1.064770036556144
1.065043061515259
1.065103727370119
1.0651677927904344
1.0652477439249213
1.065264844452437
1.0654061052814507
1.0654520645082843
1.0655571790205516
1.0656394835113994
1.0658263717388403
1.0659024829744077
1.0660048719147583
1.0661687338945598
1.066421048895828
1.0665013022174032
1.0666568388948299
1.0667401676454213
1.0667693313107969
1.0668485192844943
1.0671293823026542
1.0675243999422914
1.0677105030760767
1.0678589452217768
1.0679410325555574
1.0679737013516102
1.0682131824786625
1.0684781771428713
1.0685558332349474
1.0685744805150452
1.068698906061352
1.069398852289848
1.069528644350306
1.069628984877068
1.0697271359376381
1.0698169340973434
1.0699112280179708
1.0700440125842225
1.0700768139668375
1.0703607131975135
1.0709084980585217
1.070965276265977
1.0716053952658255
1.0726717982339138
1.073224643982005
1.0736785483235967
1.0737307643550875
1.0738087898881892
1.0739745718833453
1.0739980542642233
1.0740620386345732
1.0742321869869051
1.074464994545351
1.0747540782844827
1.0747551319041968
1.0747992092958492
1.0750847262983625
1.0751487397672796
1.0756876261766528
1.0756907438192715
1.0758050948121571
1.0758541060812215
1.0764027288226738
1.0767998758207462
1.0769419520486787
1.0774160193116709
1.0775252738092527
1.0778844945535664
1.0787611340966679
1.0788451303479267
1.0793866829171035
1.0797290890105657
1.0800533379213324
1.080304713420706
1.0807585133614588
1.081769552701236
1.0818140873618174
1.082012399772808
1.0821117107890892
1.0824518692820322
1.0825340874654972
1.0827277140488938
1.0827986192060923
1.0834195557803508
1.0835257130949396
1.0839272103571638
1.0840420957160835
1.0841550122873813
1.0842120750608524
1.0847204326468258
1.0847301366942264
1.0855148193012296
1.0856888336551809
1.0858996754611074
1.0860710163270333
1.086984289506818
1.087512402204532
1.087559053825647
1.0883246220807326
1.089264060155252
1.0901287042368653
1.0905675482796549
1.0911502646364017
1.091974385845639
1.092077640140507
1.092519756170346
1.0926111135691656
1.0926850857175043
1.0929756464244802
1.0929807301544494
1.092992839872046
1.0930675908207317
1.0933217836919285
1.0935543731187594
1.0935699330878956
1.094179794755067
1.095340120079885
1.0958947936299386
1.0961171213631558
1.096598329258975
1.096951362934324
1.0969784209458868
1.0970364835001578
1.0972869341099212
1.0980129492310173
1.0982201905341813
1.0982390503030701
1.098456259979813
1.0995868777981395
1.0998246304802455
1.099922734068125
1.100077968435008
1.100500275875174
1.1005477001208075
1.1006237508445926
1.1010196321448358
1.1010320389253154
1.1013493430568866
1.101604558947166
1.103054345502249
1.103423709117399
1.1036410219483084
1.1044939372349667
1.1047667331041555
1.1049108669714398
1.1049470117637454
1.1051575593324319
1.1052962488984919
1.1066797292920576
1.1073376490268403
1.1078734872730769
1.1081560295095685
1.1086899981757086
1.1090395798171766
1.1091514422323894
1.1091904196379185
1.1091973798937953
1.1094910134526315
1.1100231502177904
1.1101006577297767
1.1101586281333902
1.1102168425188925
1.1102186812416237
1.1112488851469204
1.111445995507806
1.1114825968210273
1.1121195036029166
1.1121596892644383
1.1124490231318687
1.11254693098673
1.1128312804137706
1.1128598880991687
1.113407762845137
1.1135796571935537
1.1136732442610806
1.113697632101747
1.113757358019396
1.1143915710331769
1.1153152698464097
1.1159728752052411
1.116783171901495
1.1168562386897753
1.1169169784417086
1.117297399668869
1.11801093604048
1.1180995667839297
1.11823926971328
1.118452687284322
1.1199602316501025
1.1202048297441909
1.1204810037925437
1.1207120183878228
1.1208490274334837
1.12087304403614
1.1223160652583644
1.1230164850404087
1.1256975623000278
1.1263463152192683
1.1272345389663054
1.1285436967977165
1.1290924004457412
1.130155184971145
1.1308887986741596
1.1313309423045042
1.1323279183389887
1.1337085144170351
1.133989300689533
1.1343667499420753
1.1367412454223986
1.1372402850498702
1.1383610060204887
1.1402857347154316
1.1413790593130781
1.1417245485517784
1.1427488788533267
1.147001365015251
1.1504875582656415
1.1505944903945213
1.1519073239876305
1.152165374488549
1.154695604667432
1.1554140607741048
1.1555962632317063
1.155843149750438
1.15717431953023
1.157903956563695
1.15834786839112
1.1585949002602878
1.1589064080427893
1.1597048646730388
1.1603261712171549
1.1604842522338563
1.1617651260929118
1.1620001783910872
1.162199077117392
1.1622590457042303
1.1631629558935748
1.163417637223187
1.1634443271254116
1.1636932645739406
1.1640427983348973
1.164608911106911
1.1668274730051165
1.1671022900170993
1.168050529193781
1.1682873169535561
1.1691019257509785
1.1696871920278458
1.1700667187741303
1.1710996679616084
1.1714954309255807
1.1717793310759024
1.1725516146287789
1.1725524510418457
1.173012566571441
1.1739099714950554
1.174040740177627
1.1743759980073076
1.1753601442289183
1.1755880488029427
1.1761306496915738
1.1762968163082
1.176435401246599
1.1775994136849266
1.1776373537923943
1.177698591970075
1.1779965023703245
1.1790248534428183
1.1797609014758141
1.1801526341328379
1.1808624615398384
1.1811079735005996
1.1831431373605934
1.1831612711131647
1.1835683299765631
1.184015202288844
1.1842392634380616
1.1861816035407151
1.1867126333177702
1.1870267148696791
1.1874064020652515
1.1874415156476736
1.187492159409384
1.1878412018730966
1.188414592071344
1.1885037110351546
1.1885899410179903
1.18864135018546
1.1887695374247242
1.1889634644946647
1.1890391974070076
1.190182655657775
1.1906795017723153
1.1907238494286612
1.1907260371504014
1.19086804462677
1.1910054576067755
1.1910579139564286
1.1912088666730078
1.1918306772033056
1.1920801922767172
1.1920905571624034
1.1922265646858874
1.1926469061755847
1.1934014280343832
1.1935450901410243
1.1935515613614758
1.193761117879923
1.194211329085052
1.1943434900051
1.1949126501194027
1.19493792611929
1.1951120231175092
1.1951754779834212
1.1953003814935579
1.195686861266238
1.195913277440701
1.1960391820630993
1.1961062555324349
1.1963068354413777
1.1967259664067993
1.1968642428803502
1.197068109932861
1.197456915461044
1.1975848859123868
1.1978900946952191
1.1982318262363285
1.1982527603334088
1.1983407839510607
1.1984396660434882
1.1984560890713494
1.1993518896170994
1.1994469621569193
1.1994519594885293
1.199722686767826
1.1999324276988295
1.200075293446515
1.2005615998432535
1.200670691253808
1.200806310092897
1.2014979066842861
1.2020004613003803
1.2021093757304397
1.2022823586152425
1.2024551244684334
1.202664045569586
1.2030155881683873
1.2030450306846256
1.2032989679230797
1.203307409858304
1.2033743872380904
1.2035770593325599
1.2037906725433425
1.2042007518511395
1.2044597685499676
1.2045500338882147
1.2045684075072374
1.2049676357982422
1.2051038021739424
1.2056257935071735
1.2057788647795515
1.2061271218800762
1.2062992656668927
1.2068037354008883
1.2075096172455468
1.20896182861961
1.209151125350972
1.209304698795941
1.209539650607004
1.2096097982889404
1.2098309910230047
1.2103852876460257
1.2105200001413854
1.2106810784397954
1.2108099955841214
1.2110123792478835
1.2112829677166292
1.2124810252457783
1.2126095320823425
1.2127458951897747
1.2128842433784843
1.212920890331413
1.2131778140741687
1.213467025666689
1.2139646697446405
1.2142899797175049
1.214358169221829
1.2152854009695386
1.2153918948521631
1.2155383543888685
1.2172866450074744
1.2173377776641527
1.217815585532995
1.2182668649265218
1.2229853925474605
1.2230220909432075
1.2241173655299415
1.2255692998546315
1.2257221515682843
1.2257628093987005
1.2272771124599047
1.229036588344069
1.2311050078568242
1.2327595463643972
1.2335419609049239
1.2336467650461131
1.2357642984039658
1.2371390446487207
1.2373489696800113
1.2380479243431357
1.2397095243613494
1.2414792161487247
1.2439044987028534
1.244292950493357
1.2456075395304942
1.2460601653914143
1.2461769124965272
1.2466142774756963
1.2475739883035888
1.2479468385832488
1.2488495768871883
1.2501499028813634
1.2504680078360262
1.250799290015579
1.2511886326111532
1.2512172044214214
1.2513357331612414
1.2515641332427176
1.2517827879801768
1.2533932671827592
1.2533984967782932
1.2534915167508933
1.2536043563065733
1.2545650827522936
1.255106505045015
1.255317118672902
1.2558751915946358
1.2569360186937741
1.257400614664338
1.2585022642719341
1.2601799023797562
1.2606911094644049
1.2635235909938816
1.2653902741475855
1.2666098012471083
1.270998572981841
1.2711618722216442
1.274764181066854
1.2921249695524264
1.3066492969794745
1.317976720895569
1.3265753629177535
1.3269895210043785
1.3285248191549095
1.3580192890421476
1.36478989949039
1.3721309874345118
1.3748100323581456
