1.538978556068661
2.7510158097057946
2.77786251041777
2.80023838151663
2.8849351708449342
3.0779915326901315
3.152007913250312
3.428017003262727
3.459880609734969
3.496223606277267
3.55533688360729
3.6773464680157857
3.928009737871569
4.085472476962006
4.116707554399104
4.196783642199971
4.207497923560671
4.254658028670243
4.30994007456013
4.319601045120778
4.583382926528042
4.607559440496489
9.09232196190681
9.104386101446316
9.107444172681268
9.125310186504551
9.14809898663692
9.150306112725177
9.167753293270314
9.181512002383846
9.190631603148361
9.19672673105178
9.231430930200975
9.278420200874612
9.304650042918555
9.323686344808749
9.409786541837217
9.45341414721386
