0.9880251129514039
0.9891159739488632
0.9911688433337835
0.991853312191695
1.0072303587893274
1.0088142277002818
1.0109757636360746
1.0116064060557652
1.0128448925596427
1.0128663930293509
1.0134721695741198
1.0162496347559642
1.0163571877629907
1.0197791641188085
1.0198612987157774
1.0206374296877567
1.0210080395437144
1.0213222254824763
1.0221785893525877
1.0237792236193088
1.024308590862974
1.0270037294898267
1.0298254912051161
1.0336755342482096
1.033743569401368
1.036486798694303
1.0373635111696746
1.0401189142961456
1.0423271261521942
1.0430451776629774
1.0441180825849072
1.0447751447328701
1.0448309719924884
1.0457809441842085
1.0470471992985615
1.04729454235435
1.0485137105340736
1.0487797312180103
1.0487935503364345
1.0494326991540521
1.0504628262960123
1.050621314972125
1.0512554140861778
1.0523210624379993
1.053070247215777
1.0541150752072812
1.054522889059888
1.0546471471874292
1.0550924181764616
1.055785825741224
1.0575863785761874
1.0590643960713269
1.0612512159491252
1.0614264169637369
1.0617584402273224
1.0621711694239349
1.0632424506415283
1.0637451453226079
1.0644192300553101
1.0660185021735988
1.0663355857765688
1.0665773635865297
1.0679577078094689
1.068060073994148
1.068277287077261
1.0696583492232394
1.0696637058162861
1.0706212544522822
1.0713022080885546
1.0718171175900832
1.0733715492980798
1.0735308169458475
1.0756137341549794
1.077899641833422
1.078595010607942
1.079451705733515
1.080322417316461
1.0805594819085222
1.0811429091867124
1.081517325098708
1.0819972877335866
1.0821629704398839
1.0822489817193774
1.0822857859246569
1.082338980920321
1.0829171689111778
1.0841598845161993
1.0841921793605402
1.0861515165490023
1.0882167495183308
1.08876908848753
1.089229608209115
1.0902826942161263
1.091807621909457
1.0922191446379137
1.0922215339797863
1.0924441540471512
1.0938388871767477
1.0952305931370683
1.0954336043791628
1.0963477558206454
1.0971724867009918
1.0974564533429227
1.0980100199990523
1.098494757043433
1.0996500040417148
1.1019757937601897
1.1050269823414287
1.1075053323249962
1.1111084243943987
1.1112808617182939
1.1124953550039767
1.1132406960661962
1.1138104125658173
1.1154439088612929
1.1156079971573536
1.11679333737073
1.1259197026827614
1.125989286531606
1.1310674361537747
1.13210758938064
1.2134543765613324
1.2235648287497085
1.2252880051016
1.2259217472610873
1.2426946026519328
1.245475529307307
1.2485859364481156
1.254953818565812
1.257155688351823
1.2626807615076223
1.2903753361857218
1.2965310445560083
1.299922357702737
1.3000866556370525
1.308496515876092
1.3127753073896573
1.3996452213764894
1.403777313777935
1.4039501060131179
1.405938050971888
1.4060227555495601
1.407540615670105
1.4077383286782121
1.4093452980509282
1.4094651966091332
1.410922120195708
1.4109230620507667
1.4147848788318322
1.4153547472540917
1.4182557529774735
1.4188246533612003
1.4217740242297325
1.4222587507766609
1.4280563298703766
1.445341279991843
1.4459539143123352
1.446162836774068
1.4500437823711951
1.4518826908091769
1.4529794586953586
1.4548451084409506
1.4570136404363456
1.4571287206548256
1.4724117926379081
1.4728143183938143
1.476091250430342
1.4768773835249511
1.4771067117139047
1.4794476136151333
1.4818662460802152
1.4840556680832555
1.4853861963840027
1.486982449206186
1.4879195944941996
1.4922287104620897
1.492812620007375
1.5066426582747712
1.510696729136017
1.6005136585317048
1.601540077640962
1.631754879014282
2.9435636612250557
2.950859705838491
2.977157525300073
2.980508814916038
2.9814692883351777
2.9824054875475334
2.983777739732206
2.9888659550765437
2.9896906771509206
2.99346924754367
2.9951941157469344
3.726129759152719
3.732238094537624
3.733308810325332
3.739114208090947
3.7428249895114716
3.748547326430717
3.7512654727170007
3.756681164673058
3.8709878746489643
3.876926315761003
3.8866020704842894
3.886975619853652
3.892489144236143
3.8928803306023587
3.8940355226829144
3.900027331721055
