0.5062364956960439
0.5130085121889024
0.5149398896519282
0.5170621770161574
0.5417545299828032
0.5448391056884435
0.5498067935070988
0.5514219039517172
0.5517455119647601
0.5546187106205762
0.5547439300200877
0.5568095994172756
0.6066276999007469
0.6134921915508825
0.618189949304786
0.6194823331677869
0.6282947922849476
0.6370772367894746
0.6382473386944978
0.6391394519338198
0.6397263556642808
0.6474232399910931
0.6488914349549446
0.650039247694463
0.6569257864789815
0.6822103265947838
0.7146207771587563
0.7160235293908824
0.731006664234655
0.7341311031453611
0.7417397257407778
0.7525118951508065
0.7561772250722896
0.8215186254683245
0.838604849325417
0.8495585594737556
0.8518197830258216
0.89027678464601
5.115278636438538
5.1409020361533635
5.185059662617869
