0.9439088468124822
0.9526544342454286
0.9551473621897354
1.042230575209297
1.0662049263814906
1.0905520736413847
1.0990538606701694
1.1032221658643615
1.1033666055099638
1.1251603403732495
1.1355441579984233
1.148101542028226
1.1894861053032737
1.2076853813471784
1.4194512663724796
1.5379243198259764
1.5475969486146202
1.5480282025229901
1.5538513809319296
1.5739285444525088
1.5828500703520714
1.6013873876604527
1.607299673721106
1.6148297945443248
1.6165005158707537
1.636205354145601
1.6393213258902168
1.6396336155731228
1.64079498536278
1.6505257704337883
1.6539692829753296
1.6634159685925969
1.6983016750076494
1.7024229271799616
1.7151830498667853
1.7349143824228401
1.8056618761156036
1.8070460880621448
1.9520446516905072
1.9578312258309467
1.9673027805665628
1.9734688622526442
1.976199824272496
2.0059180656590088
2.0152157988691486
2.016209516457388
2.031281755433425
2.0323450971146255
2.037455721086972
2.039678193409074
2.0407698263054947
2.0428733322516037
2.046416026866811
2.0531239874725005
2.0552348966520992
2.0580945440432674
2.0585795273575798
2.059106129549675
2.067690485050666
2.070873037207123
2.0720685181306555
2.0726591953034816
2.0729933799131905
2.073132589910471
2.0771142582059516
2.080099068576882
2.083181313417925
2.0834745569586532
2.0840127821380916
2.0857808311578627
2.0877307329527235
2.092933533388674
2.09681195181671
2.0985023243753576
2.1005522957831952
2.110444673127012
2.1124729772845905
2.1150704779304674
2.117818541051632
2.1193820608029936
2.1224200149644514
2.13334298216051
2.1334846191995065
2.135446207236674
2.1374568583639775
2.13822653901528
2.1409060486350397
2.146142466973035
2.147566515743429
2.1581308748748897
2.159751253606652
2.164182455814173
2.166607036792572
2.1675275592382097
2.16967400709114
2.1702513724237638
2.1725269877848197
2.173514155422685
2.1740216490819733
2.1847108826478343
2.200573070655982
2.220016001527226
2.2442826836437524
2.2532951837017534
2.2771273858126873
2.283419160275525
2.2897783019530005
2.3014411167847277
2.3227689501903637
2.3234376060117734
2.329324220844676
2.3328258206497816
2.355734693417351
2.3650824069271175
2.4241986954213313
2.4337520640591905
2.4361650795803835
2.4386243775621415
2.442735286805643
2.444823856382866
2.4459404996547893
2.448167505267312
2.4501696957174777
2.4553577012632046
2.4591768418331608
2.4592297105545247
2.4596265870627607
2.462678739456932
2.462847982272032
2.4650051774974657
2.4671930724421
2.4691304631311115
2.471367441774476
2.4724314216069896
2.473176256175204
2.4741461915207505
2.4758178407666147
2.477020220515462
2.478344659094247
2.482120244930115
2.488921549108995
2.4964171020715518
2.522526062149196
2.523790824508851
2.5305072286920405
2.530958780723602
2.5345838425894747
2.537225915201165
2.548539356953609
2.5495857867751304
2.561867931466779
2.563047640821002
2.5636750910930703
2.5691724454527085
2.570396848202032
5.335253876830945
5.340418856345528
5.345145703815049
5.347753505899283
5.353215206940879
5.356646322369766
5.3619077554436245
5.364657107893518
5.367681888150166
5.3688482608073445
5.369491375444811
5.371480158471734
5.373628117740301
5.374369178041592
5.383715452053225
5.387764488363469
5.390228083606504
5.3906556518778315
5.392766411558001
5.393000237352254
5.393146157986088
5.394623092783419
5.394740456956322
5.395744149497962
5.397468114005128
5.400135056916589
5.401663793867686
5.407043365050334
5.407240727750494
5.407326817309665
5.4073733620407864
5.408952700489069
5.408961666845887
5.408995934788168
5.4107247637809825
5.411947051423205
5.418437331685773
5.420425586540642
5.429013348266464
5.433082652387135
5.436569085555625
5.442763355100106
5.450929024803431
5.4510251292443686
5.451242220968851
5.4530397673650794
5.454941569650446
5.463081592972557
5.466125766550809
5.467485319529362
5.46826909421378
5.468304335680545
5.483881190285206
5.486096640560293
5.4870933398882835
5.492006364894009
5.495609963827428
5.496947856962517
5.4995828624560925
5.499966950465806
5.502598278011306
5.504722898173653
5.506732253167672
5.509340534849189
5.511169666952767
5.512392666965378
5.512491286474962
5.513169847607944
5.515557713852016
5.522186479530468
5.523220768493267
5.524060417606004
5.530195122226204
5.53122301708532
5.5371376900337355
5.548610702868421
5.5504695515300915
5.553554763364065
5.570422941638113
5.57173719652729
5.578032182606876
5.583635708105313
5.589751798204076
5.594545402355074
5.59479603119485
5.59677199358793
5.601749090617019
5.604839144988096
5.609090432656786
5.623071644298305
5.637365829467629
5.638130575438667
5.6384545493377765
5.638617305389969
5.647539020268315
5.653196244149904
5.654780298789337
5.656583000778532
5.6566351059581645
5.657916960372648
5.660916967161922
5.662724610155408
5.664939424362518
5.665796555756422
5.6677550920937545
5.667901955430217
5.669113681734207
5.669213979370884
5.669455598296374
5.669802849192001
5.670513637783968
5.670556631748191
5.6713668086008315
5.67167412955412
5.67182443209672
5.674140764459135
5.674641711354503
5.6784916294641175
5.6807057149908715
5.681508743562366
5.681894049189498
5.682534657522748
5.682821289590276
5.682898025008768
5.683299714530415
5.6842597871743585
5.688462507845623
5.689405599838027
5.689769803095867
5.689875313839218
5.690089715211312
5.690515332699835
5.692469303336593
5.693089581591804
5.694344179281049
5.694478982252041
5.695165921319678
5.696593261567961
5.696965180766182
5.697280949391713
5.698604906088922
5.699456584132391
5.700412226577787
5.7015680499065775
5.702245367849391
5.702528399585056
5.703326985627325
5.704154567460605
5.704821330088587
5.705555439621436
5.707096702242473
5.707131802559036
5.707234057431916
5.707488439084707
5.70777698126656
5.7083608102535255
5.708775085306507
5.708958324999043
5.7091362948881335
5.711520181769452
5.711774984824191
5.712053578894599
5.7122156300357
5.712296321020683
5.712346285910416
5.712424303173197
5.712580236412284
5.714660794148154
5.715358235497022
5.715824298722427
5.716013957355963
5.7160320850199335
5.716310428887446
5.716396178130059
5.717072232329572
5.718065184589006
5.719091873662524
5.720178594113924
5.721178321439947
5.721185572176034
5.721862954229377
5.724521181596948
5.7259014110767525
5.726099894280786
5.726692172951302
5.726704673018383
5.727509009714055
5.727875405961691
5.728246152758576
5.728758104885323
5.729392890807512
5.730378811112468
5.730576921424745
5.731060885434073
5.732987463716623
5.733227623852576
5.733686646447406
5.734763784438066
5.73482539506868
5.734984714183634
5.737826334575887
5.738545831757933
5.739564082846857
5.744730655513124
5.745059237222459
5.746282459743838
5.747291619663113
5.7485348851988105
5.750267959782074
5.751883939214396
5.753410146851505
5.753899459809598
5.754073717390262
5.754797315312908
5.755800782741323
5.756197690088129
5.757076711079722
5.75773668941007
5.75927275380241
5.760783512774389
5.761516873486534
5.762972824405811
5.76412717208962
5.7649033342205085
5.766613409501976
5.769440315890225
5.771492589967989
5.771632901714724
5.774954218496863
5.775078524447951
5.776809305646338
5.776817545280986
5.7770123145874415
5.777036469866246
5.780095112535812
5.781652156201719
5.7845207813344945
5.7847601619634395
5.785195350180565
5.7867595560261895
5.786806591778731
5.787152461750466
5.789382983060588
5.792274759844734
5.793994046211382
5.794909675187929
5.800690417757274
5.802147563403145
5.8032221257391665
5.80572024482223
5.806037767551725
5.80801334087803
5.809958357346482
5.8105158235352175
5.811576138430799
5.811697428952946
5.811785696879549
5.813588392726833
5.8141994579021725
5.8149032082230185
5.81831519448214
5.818426782491484
5.821766706413325
5.822001310123318
5.825301025354598
5.829317246711053
5.829816182026858
5.8315780852387205
5.832060252297058
5.832648053801604
5.832782290446218
5.833291027573505
5.833674762184896
5.839093020722476
5.840676764472848
5.842883590175777
5.8452451249499235
5.8473474178992255
5.853025295955872
5.860524230069533
5.877358465084367
6.281638958074521
6.289926814497841
6.34160272272799
6.343527922875512
6.349393404536295
6.371530569277893
6.372280114629195
6.377894541768085
6.378814844665647
6.382973085997847
6.384539456659801
6.3845457397322525
6.385610916482998
6.385934998627905
6.388971990089467
6.390614272274378
6.392445120859037
6.393904535248318
6.395836506045173
6.396644955940453
6.398978774409727
6.400164098622716
6.401663271988064
6.402165886860499
6.404097110564359
6.405110490461182
6.405364957523787
6.406079715447192
6.409385213713871
6.410591183733248
6.410672520283401
6.417077923204827
6.42809483108252
6.431057479433778
6.437299009150861
6.442185844724697
6.512686925254392
6.519646288575572
6.525142986705362
6.531257118796313
6.611210424053365
6.675693676136881
6.7278216300555576
