0.5315178952896313
0.5673555156471302
0.5696444499433814
0.572881154588236
0.5798015798001638
0.5799003700256418
0.5800292336382747
0.5810921418069456
0.5821342620107098
0.5825836157356257
0.5839777104862506
0.5840895620506286
0.5844125245723721
0.5854376073431188
0.5856690873183457
0.585671235754001
0.5858118042358986
0.5863757723513836
0.5864949291124786
0.5870095536410748
0.5872935972181355
0.5874266933257386
0.5885263136688538
0.5896328881863427
0.589757794228033
0.5899283597790369
0.5921974530471531
0.592619185387718
0.59392089632713
0.5946478007907294
0.5955886401671983
0.5964213820213657
0.5964714175404027
0.5973793476888918
0.5978510657450882
0.5983725274262073
0.5986868084186466
0.5995961364592575
0.5996556685873792
0.5998055831710005
0.5999305484813824
0.6010108473062048
0.6012339690761114
0.6014679647212787
0.6025844830118751
0.6029522059107643
0.6034152914275148
0.6049301042180163
0.6052134249679035
0.6074119773558038
0.6078970628188517
0.6087068778784281
0.6096318013699624
0.6101407914476212
0.6103581686247138
0.6129559569643342
0.6135416478926171
0.617390858605406
0.6189043388533539
0.6222714694789981
0.6242689265374521
0.6298293225298648
0.6323519376483554
0.6324375950725174
0.6346478503072955
0.6378409762657519
0.6394098299864237
0.6403467774355888
0.6416120927768844
0.6422025259665394
0.6423455485412352
0.6440073921571037
0.6448025814929695
0.6448854856270899
0.6460457407683402
0.646272853433497
0.6476311780098866
0.6496421114021601
0.6504827611617804
0.6505514369439893
0.6508362601207447
0.6522333813631476
0.6528024689738564
0.6562589153370756
0.6564721292620266
0.6568151588743679
0.6592696670425142
0.6594653125365629
0.6599623715007926
0.6604420010820564
0.6606106426574276
0.6611949089360701
0.6619669876033599
0.6626453206290795
0.6627067439703751
0.6646732142279922
0.6647140224785197
0.6661950957553322
0.6663866052753145
0.6688922164442046
0.6724529870244585
0.6726002734600338
0.6730127786527378
0.6744091906421766
0.6761489950422286
0.6794956510020348
0.6881136088959289
0.6913907091207161
0.6925606008778125
0.7033585503943581
0.7086761826676226
0.767056574733391
0.7689738689991643
0.769864667734122
0.7780169466276168
0.7784798083551776
0.7786954627751886
0.7787141103135701
0.7802100591016695
0.7815359622409991
0.7820760839799417
0.7843180052945403
0.7843373649765296
0.7850515799484152
0.7855052804694834
0.7859887249448624
0.7861832566619289
0.7867497681083828
0.7871819686121141
0.7875721623482584
0.7877409111709236
0.7882879441442265
0.7883901877907288
0.7888469855088831
0.7895660402004233
0.7898384891306713
0.7903838268188281
0.7914345980268697
0.791456624332231
0.7914575565306676
0.7918289045775171
0.7921010376226674
0.7921447674277434
0.7921784336118464
0.7923583344295664
0.7925174874862749
0.7926175258261974
0.7928739233449486
0.7928824527477687
0.7929526335607603
0.7929550230970347
0.7929983089603273
0.7932899902767362
0.7933091798454862
0.7933380765318468
0.7934320165697044
0.7939591523844276
0.794100802767363
0.7941317942319305
0.7943310510483282
0.7947355962481814
0.795572087815502
0.7962145634433478
0.7962327854671032
0.7963856297957574
0.7968300388612771
0.797448919574336
0.7978395574295384
0.7980444247737147
0.7990084011816442
0.7995418717966978
0.7998109565133504
0.8005766380040897
0.8006614464486084
0.8015848134413008
0.8031394081199664
0.8032266943847025
0.8044621186114201
0.804798881456526
0.8054096335014963
0.8054927797117156
0.8080138032287635
0.8081902703844986
0.811327060334747
0.8115324738608702
0.8120639266887087
0.8121142330639126
0.8127183216640486
0.8143280705122995
0.8150350909246755
0.8168567216475503
0.81701796988588
0.8251995691841003
0.8261465839687553
0.8272667222194802
0.8316302026983499
0.8391935914395254
0.8413728037631482
0.8422693193867041
0.8458812712452741
0.8475953493651123
0.8486785862714579
0.8487356708166298
0.848960025016945
0.8494852950634033
0.8502522967423174
0.850866563696702
0.8510413187235869
0.8513058644810675
0.8513986618878585
0.852488947984453
0.8529908668169178
0.853600237533536
0.8545127744928624
0.854526382918232
0.8545320375673368
0.8552217162609865
0.8555124604008885
0.8559974212325286
0.856602513841629
0.857210224961576
0.8579669848073506
0.8580700280882142
0.8582873959391515
0.8585128351505098
0.8588702487030334
0.8594580301129852
0.8595313251433143
0.8602351008775885
0.8611390832436726
0.8620451157786209
0.8623542319228635
0.8625725056521285
0.8628167445394681
0.8631009790426726
0.8632917667167206
0.8653766031249508
0.8660170237555596
0.8671403535578383
0.8675869140225504
0.8676512003770465
0.8680497167133526
0.8683085351927289
0.8697661286168205
0.8700097238431597
0.8701522680358651
0.8704628127187162
0.8705051781664626
0.8708783281235727
0.8712664035548757
0.8715199268656723
0.8715973119852336
0.8718404893125854
0.871933015590622
0.8729230867934891
0.8732713496665365
0.8733884719297985
0.8734612663263991
0.874127231162623
0.8742366016751177
0.874970447422243
0.8752554735587977
0.8761243780024275
0.876223230231216
0.8763298829960373
0.8769285666286364
0.8778153003047412
0.8782815350880129
0.8798054813140146
0.8799129895153095
0.8802105038364507
0.880777404826114
0.8812485051927283
0.8814180249805994
0.8846514287374453
0.8875223244555025
0.8899397313455313
0.8928728794913525
0.8964232163572123
0.8978207755510228
0.9013018056937616
0.9022346915187158
0.9278460839071048
0.9584945813879207
0.9651716509185467
0.9976197574357009
1.0374585278779287
1.0423753590586768
1.0555479132542225
1.0604063031909716
1.0619737257379778
1.0653785132284652
1.0686925110244834
1.0691583219996277
1.07187059220636
1.0719847207859234
1.0727937423516116
1.0751158969973111
1.075393344335225
1.0760682209040273
1.0782201249738326
1.0784570693640623
1.078826498312524
1.0795471484818946
1.0815820007715418
1.0825711537888658
1.0837271198990304
1.0842617892986677
1.0844662119895363
1.0850535064569102
1.0853800418803932
1.0863133204859878
1.0864757538432717
1.0878560792788001
1.0883823266151917
1.0884625141770536
1.089250136480839
1.089810620147236
1.0902990673503419
1.0905497428271855
1.0943364198011503
1.0945738242123246
1.0953581120269575
1.0961044290653283
1.099346084978654
1.102127687138686
1.1022701477906383
1.1024131491833162
1.1069534437128457
1.110632870713525
1.1370670201685351
1.195488132847782
1.2699830690116407
1.315968139181694
1.327033605117825
1.8220595370251542
1.895698213177195
1.9070564897444413
1.9684744281693876
2.115828207086608
2.2386476939703353
