0.1583317129332331
0.17771676403096728
0.18031173694982802
0.18400708637526067
0.24578091866558313
0.2650256307016043
1.5824384773600104
1.588390575395282
1.804488001551932
1.874054323895715
1.8825463210709537
1.8948569734812173
1.8990027358147805
1.9014758470624522
1.9015614317706595
1.9141264959158573
1.9239982867222336
1.9312906187758863
2.0692951250922467
2.0897805519331474
2.1069329793237137
2.108205227861092
2.114142855709863
2.123945841625011
2.130033925403149
2.1318393266313724
2.1429491324870353
2.1478239111819497
2.1525613021330354
2.153026025607289
2.1535317081905605
2.1661077127693638
2.197817399615297
2.243829369446729
2.4024949495690837
2.6068781370901215
2.6268493508386257
2.6466471336034436
2.753610026334933
3.8149883634013273
3.868901242187274
