0.8525264095210057
0.8553655409515616
0.8572982122119188
0.8575432389024793
0.8594626169931616
0.8598700887818913
0.859905734840374
0.8608879461143562
0.8631573299876008
0.8631791877292646
0.8646175016655138
0.8649920505173836
0.8657565002126977
0.8663533760606714
0.8669448703452232
0.8672326835175618
0.8672951500374664
0.8673635872360459
0.8686054092099302
0.868725728631123
0.8690080348506176
0.8691685783158617
0.871498276165428
0.8775739912956625
0.8780779293875618
0.8787771276882089
0.8812082398502757
0.8833258150308346
0.8837676009999597
0.8847986446643
0.8848633499737301
0.884875966881154
0.8858769233998699
0.8884816195844482
0.8895200392823588
0.8901247577783379
0.8905081584665626
0.8918988294367214
0.8921028645322135
0.893337193287563
0.8942650065954845
0.89461117551434
0.8950309158653578
0.896383147138289
0.8972569525257323
0.8979335056480096
0.8992431382557724
0.8996316102674551
0.9009556609433543
0.9019681421828143
0.9037752494336104
0.9041064116406883
0.9067708141320219
0.9069253369872583
0.9074679830504168
0.9080328792893995
0.90992249597059
0.910961433774696
0.9152879485422486
0.9166910359438885
0.9220440565975379
0.9235879879401362
0.9282227217098188
0.9304676902019962
0.9306652632990463
0.9351422739089515
0.9356095116135441
0.9356996489866657
0.9362413936981229
0.9369511132197047
0.9375631046194945
0.9385666021238035
0.938731677242991
0.9388363376088801
0.939026729657647
0.9395358201708743
0.9399886485163558
0.9401005105906414
0.9401696248792126
0.9404331949745861
0.941201928992784
0.9412274831918356
0.9415423928814235
0.9415766741102999
0.9419040592514033
0.9423301330147624
0.9424134417355493
0.9424506386274584
0.942549795361135
0.9433931569746181
0.9439121509700964
0.9441611418090486
0.9445240945771466
0.9452260940339959
0.9454480098675732
0.9456439541833177
0.9459784627182466
0.9466277322588231
0.9481285812660989
0.9494687486063489
0.9499844980658815
0.9500223907066389
0.9508162179146376
0.9517310515326404
0.9518807005829736
0.9522044127373056
0.9523744003385125
0.952692458780957
0.9533568055887148
0.9533859696334428
0.9535240577997536
0.953884691128436
0.9539621692200688
0.9540718513025069
0.9540747790742307
0.9545428729141773
0.9547382400640846
0.9547861811966436
0.9557531777823557
0.9557677909545177
0.9562058527636862
0.9562689752366508
0.9563515712244027
0.9565803157707171
0.9573380418183524
0.9573703721387089
0.9574935781864077
0.9576515810154207
0.9583227850274116
0.958357347059763
0.958466022716446
0.9591863937837664
0.9594774221872697
0.9598675595731275
0.9598708077889107
0.9600069338091364
0.9600714740353826
0.9602037673589641
0.9602725612520367
0.960293700207584
0.960589357430294
0.9607847195190327
0.9610075315774433
0.9613360590325417
0.9616091422121178
0.9616153623370712
0.9616255357777579
0.9617309103172563
0.9621458963694388
0.962222256384658
0.9622225141836539
0.9622996376860583
0.9623401153062267
0.9625500420108466
0.9628404232691626
0.9630113505715754
0.9630529370839875
0.9631559505723845
0.9633465440844129
0.9633720084394866
0.9634728898991763
0.9636016630761383
0.9640629539795703
0.9640838346536792
0.9641641758558075
0.9645220310736249
0.9646639930898421
0.9646882012322464
0.964699365644336
0.9647055318878495
0.9647455061371218
0.9647899961964597
0.9650581356167934
0.9652577715524703
0.965348581154363
0.9654564701526387
0.9654585452259294
0.9655447065088504
0.9656116868164702
0.9657345361333843
0.9658174999099927
0.9659041495982381
0.9660235648219753
0.9663118183309337
0.9663422247919821
0.966437829928397
0.9665392120908609
0.9667579304704673
0.9668173488964281
0.9669382442992152
0.9670966284338027
0.9671767967769391
0.9673756742113462
0.967448219921925
0.9675067551879439
0.9675233924227336
0.9676127020519619
0.9676921258864067
0.9676957683397291
0.9677864527629251
0.9678575120177998
0.9678770011730068
0.9680027529067575
0.9681110709677038
0.9684314419391171
0.9685438126336506
0.9685476190563417
0.9685950892507039
0.9690005655230629
0.9690585012140716
0.9690759157306418
0.9691674192469141
0.9692027458156625
0.9692305132309582
0.9693805881648534
0.9694421777390172
0.9695024932796464
0.9695211687046977
0.9699676962010674
0.9701451021337333
0.9702931790073269
0.9708133687378754
0.971221952556545
0.9712233486029273
0.9713153402210082
0.9713521392413744
0.9714831528290705
0.9715136123058661
0.971610083382332
0.9716202386072488
0.9716226742112283
0.9717041189968135
0.9718826493037946
0.9719913613336297
0.972391581713181
0.9725776904061035
0.9725780116215255
0.9726560327813075
0.9726815165622578
0.9728303473470594
0.9729331891016925
0.9729590303875535
0.973229328522332
0.9733894595284124
0.9735001633694949
0.97368058103926
0.9740565191865034
0.9743161123433138
0.9743272952500845
0.9743942021278396
0.9745503620119351
0.9746630526578419
0.9748105291524756
0.9748498928885917
0.9751894527826427
0.9753135438114507
0.9754630052605002
0.9756670045975924
0.9756788719594909
0.9761651189112271
0.9761680711588182
0.9762211989515747
0.9765098027804416
0.9766981374041748
0.9771359304300434
0.9775921544174432
0.9785730727195573
0.9786214412059016
0.9786987331896262
0.9787520312041549
0.9789511298023623
0.9789871914228314
0.9791496335745326
0.9791618242063176
0.979204045860178
0.9792296886053944
0.97924520333043
0.9792812261444226
0.9793530574744886
0.9796561665018414
0.9808639943976725
0.9809605580268689
0.9818281347515386
0.9819297048123229
0.9821010203391483
0.9824137770111445
0.9825421032230859
0.9825528979765779
0.9825947661955655
0.9829080709237552
0.982965596161078
0.9831225461754242
0.9832986010554228
0.9834852499842122
0.9839587173007553
0.9846567342571689
0.9849725693961312
0.9851791485839717
0.9852091014616609
0.9852136988226281
0.9856663576036336
0.9858059057814164
0.98607561868501
0.9860809198283716
0.9863332900038305
0.9864551647146398
0.9866499743453634
0.9869366678796279
0.9870510689525526
0.9871579966765659
0.9873732165450292
0.9875542420904859
0.9880505273831792
0.988166100061734
0.9881948055652511
0.9883781788004891
0.9884023842123103
0.9886538318241233
0.9889044162957888
0.9890421078972087
0.9890605060869149
0.9892033621307685
0.9892383131423375
0.9896603003993267
0.9898645490015814
0.9899073072536907
0.9900871215498007
0.9904141370913656
0.99056716211103
0.9908153667024409
0.9914534673842909
0.9914672616141411
0.9916688365721045
0.9917457524958476
0.9918161896778511
0.9918860336045375
0.9920541425684292
0.9922986340816368
0.9923079046242997
0.992386688895588
0.9924186897256134
0.9924511718255571
0.9924586859193232
0.9924760008276544
0.9925702711903251
0.992743789873198
0.9927816015221286
0.9928762936599744
0.9929174865508281
0.9930335205275495
0.9930649694121793
0.9931035693862877
0.9931600426649986
0.9931763165969432
0.9936576899620315
0.9938037579470334
0.993808930871053
0.9938898678194863
0.9942323075842631
0.9943273419589745
0.9945340793568103
0.994588710342048
0.9949458223085926
0.9951436077596546
0.9951587033337421
0.9955078616519615
0.9956741331068139
0.9958254856451934
0.9958365290326072
0.9958526428161308
0.9958870254404286
0.9958913207818839
0.9959454933825945
0.9961081795870319
0.9962969092422704
0.9964419108786565
0.9964494238622486
0.9965007612683502
0.9965110014158978
0.9965110862951074
0.9965525022482887
0.996948798237542
0.9971119137527642
0.9972563933956473
0.9973149074441453
0.9973463352764895
0.9974290911734836
0.9979050247913716
0.9984700788781127
0.9986773636067787
0.9990765033627359
0.9991728779738785
0.9992497703706191
0.9993882945316854
0.9994367794190163
0.9996678435604949
0.9996771169227531
0.9997143397996021
0.9997325538457708
0.9997734436717571
0.9997768271035906
0.999798282352594
0.9998379297312016
1.0003047843636017
1.0003776057028797
1.0003953448330278
1.0004644266039482
1.0006649180106781
1.0010208819807838
1.0010557032954366
1.0011638095907895
1.0011832130952076
1.0013061737349709
1.0013392244181478
1.0013978175193914
1.0015060293581939
1.001512495550745
1.0018719129472262
1.0020259423517124
1.0020390091919678
1.002058177662359
1.0020662208355375
1.002145701222459
1.0021968652577509
1.0023051348171026
1.0023466681386957
1.0025750493756858
1.0026248128967974
1.002992591410048
1.0030431642754862
1.0030775429297891
1.0031214149287169
1.0032817550889854
1.0035039703175128
1.003604935242878
1.003644986912155
1.0037523887339341
1.0037722887624518
1.0038452892165877
1.0038538863680935
1.0038587584085834
1.004143740660769
1.0043157872600157
1.0043462231196512
1.004365195990236
1.0043961609122425
1.0044058796767863
1.0044175986160824
1.004486794364241
1.004586066111366
1.0048177712844244
1.0048268267455582
1.0049059664036835
1.004908763504184
1.0049946140679356
1.0051477996671767
1.0052277697496583
1.005415290915165
1.0054708429011407
1.0055764612107416
1.0055842844131135
1.0056956253139038
1.0057810674195937
1.0057829534120935
1.0061052257573189
1.0062608755632036
1.0063617952394304
1.0064939187465083
1.006572201742176
1.0066092656867065
1.0066153291725042
1.006683160986976
1.0066983007604677
1.0067162919879828
1.0067716616632305
1.006911762853741
1.0071377874164826
1.0072885207283364
1.0073759104751485
1.0074264396876962
1.00783223722896
1.0080360299897353
1.0080796437707988
1.008092969478119
1.0081014319427737
1.0082357783310412
1.0082984953748928
1.0083967484303282
1.008433044629333
1.0084374142250936
1.0084403230833876
1.0084530020942126
1.008453280140285
1.0084600247623468
1.0085426183652033
1.0086274029462903
1.008743043609741
1.0087724958839435
1.0087812824504443
1.008935862722447
1.0092212449964437
1.0092827664538273
1.0092889459138217
1.0092922219195564
1.0093063927763306
1.0093593877933058
1.0094013268985091
1.0094488448482248
1.0094815516961417
1.0095056434868654
1.00952694698449
1.0095951377893275
1.0098137100815385
1.0100385354159447
1.0102373799118425
1.0105424070551567
1.0106102365110294
1.0108150965645155
1.0109584319707736
1.0111501959671185
1.011383803990798
1.0114806659388023
1.0114810874668878
1.011666503762236
1.0117561158328754
1.0118697616824535
1.012127664406401
1.0122108761613497
1.012270208753168
1.01228825094557
1.012360998003379
1.0124533521497898
1.012461642480426
1.0126867372906114
1.0127760042317266
1.012806923047105
1.013003904514775
1.0130567314539036
1.0130579773005899
1.0131425943716903
1.013210257085759
1.0132347654256821
1.0132983222641845
1.0133321923879053
1.01351122346991
1.0135297078638041
1.0136085376625426
1.0136382381947886
1.0137345721651287
1.0137828546449346
1.0137974406322816
1.0138154688112564
1.0138999914549325
1.0139435181135263
1.01394946476485
1.01405127098018
1.0141474575139378
1.0141489423892642
1.0142001478848464
1.0143729496329013
1.014516540878542
1.014620597711853
1.014628081467087
1.0148531797054445
1.0148825779588264
1.014915337595713
1.0155310705669076
1.0155579430557968
1.0155608824135107
1.0156886477075167
1.015754858117439
1.0157872601315066
1.0159917664911704
1.0160407925812929
1.0161650926204018
1.0161970058137515
1.0162250536924047
1.0164592759898432
1.0164753669022761
1.0165604554109555
1.01657979739986
1.0168278246470888
1.016899119212291
1.016986100374582
1.0170307607221154
1.0170673142883977
1.017113048861171
1.017154596051313
1.0172169029358262
1.0174357857010596
1.0174977405986707
1.0175435845678216
1.017553091444491
1.017728329733145
1.0179043328108783
1.0181910084319428
1.018219598653474
1.0182607743466385
1.0182759043863499
1.0184194986413104
1.0184557365839861
1.0184730209261423
1.0186236649669178
1.0186493769127047
1.01873019066031
1.0188035525559478
1.0188114087549351
1.0189086876197864
1.0190326758129704
1.0191068440314712
1.0191360243148273
1.0191714624939505
1.019215196809446
1.0192240233354757
1.0192852990090062
1.0192914739258856
1.0193377448743122
1.0194013018921426
1.0194769591398702
1.0195778730246803
1.019648258434384
1.0196739900043008
1.0196864163080062
1.019687830853002
1.019745942560001
1.0197605508540581
1.019821963509227
1.0198377254490314
1.019884231149384
1.0199730220388885
1.020017870106344
1.0200291000623647
1.0201086607269592
1.02015341714997
1.0201836917000306
1.0202140110582776
1.0202985402143911
1.020345919628089
1.020354797397579
1.0207210393620803
1.0208895194687313
1.0210636318595958
1.0211885569044927
1.0211943759402011
1.0212237964686444
1.0212991780889902
1.0213707803996466
1.021397206800156
1.021473935337816
1.0215075596308125
1.021662285834489
1.0216713797666017
1.0216891394058236
1.0217256814044848
1.0217456773931886
1.0217751357174305
1.0217799697046528
1.0217868005245327
1.0218261020787034
1.021875806412333
1.0218871376855314
1.0218912347001807
1.0219891301824462
1.0220686343920786
1.0220747831030108
1.0220803585729408
1.022088940532206
1.0220973112779157
1.0222608324715852
1.022279547821323
1.0224155107948827
1.0224354878407154
1.02243763919187
1.0224411234026005
1.0224815745598372
1.0225603986024223
1.0226240618815874
1.0227560333661267
1.0227958727875028
1.022804195753004
1.0229495192968723
1.022964233392778
1.022976350031422
1.0231378251201186
1.0232073193882882
1.0232087494209914
1.0232741718554574
1.0234299033357968
1.0234606787078924
1.0235205926919173
1.0235409055749023
1.0235588703397016
1.0236086384109069
1.0236228254241209
1.0236987334198544
1.0237447921219391
1.0237664418142751
1.0237905430040652
1.023987707274273
1.0240221677132266
1.0240920641041793
1.0245021903929545
1.0245161299782284
1.0245179110263674
1.0247757286062924
1.0247776680160807
1.0248205032950415
1.0251258109068258
1.0251856111468032
1.0252311031546169
1.0252814715646503
1.0255540072176401
1.0256328205662146
1.0258253444021161
1.0258271049660699
1.02598589447919
1.0260509979838748
1.0263624545904504
1.0263757115620293
1.0265500726446612
1.0266510625448482
1.0266959215051723
1.0268389331952388
1.0269408280449042
1.0271495367720391
1.0272837274363418
1.027295258108137
1.0273958360485975
1.0275105609053874
1.0275738805168508
1.027699606112824
1.0277125193331205
1.0277279869598925
1.0277532169380004
1.0278180768555119
1.0279141321271883
1.0280103248961447
1.0280321117544742
1.0284250448503496
1.028478052178804
1.028553770256513
1.028641538805552
1.0286655457790221
1.02867065639536
1.0287296144113707
1.0287773908643936
1.0287845811567977
1.0289283375361495
1.0290053856789192
1.0291616508647772
1.0292557177277755
1.0295031960290246
1.0295722149611082
1.0296420717816193
1.030346084577934
1.0305829871428478
1.0310010471776672
1.0310175993958517
1.0310215639372347
1.0312426238399246
1.0312471394840348
1.03136245596552
1.0313814012860367
1.0315647292423538
1.0319218322378967
1.032056497168248
1.0321123998548896
1.0321287247502648
1.0323315368640789
1.0323438163127916
1.032513890773282
1.032658045530267
1.0328212678622992
1.0328944422736457
1.0330453043080625
1.0330703959583505
1.033140485585505
1.0332232038939355
1.0332313741038335
1.0333800206433768
1.0334312689828171
1.0334594614585142
1.0335645165630056
1.0336483464960051
1.0336996811045156
1.033878556396204
1.0340289946396946
1.0344264650967812
1.0345395175453314
1.0347850811040704
1.034888461361831
1.035047009396781
1.035141865960681
1.0351636758165956
1.0351833647076465
1.035566113839554
1.0357484667071675
1.0360172749197838
1.0360886670958265
1.0361685345164002
1.0361780789783606
1.0363245575350615
1.036581433780808
1.0366675911209546
1.0366924645426208
1.0370991002502885
1.0371042668816213
1.0371337725407714
1.037222474497718
1.0374875156989878
1.037553879710692
1.037565414252554
1.0376771182508029
1.0377849758024151
1.038271767258901
1.0383168300407062
1.0383246055182325
1.0383362988181055
1.0384280457963626
1.0384372603777337
1.0387207334158044
1.03877909684924
1.0387920340313603
1.0390850922719774
1.0392447054070468
1.0395451595791918
1.0395654911605101
1.039605779541236
1.039606393799918
1.0396196738299048
1.0398079966682103
1.039990446049712
1.0401940659655047
1.0403016316603528
1.0403868823785116
1.0405478129334782
1.0406317074710236
1.040709136126118
1.0407182567785291
1.0407188818788742
1.0407922987704368
1.041001297681729
1.0412716837266127
1.041438661735367
1.0415964274792557
1.0417575414151279
1.0417582929196996
1.0418883928941483
1.0419018585599202
1.0420259873283677
1.042037176191694
1.0421234510489914
1.0421569370798236
1.0421731336933757
1.042288806047965
1.042552116909376
1.0425706116504596
1.0426325373199972
1.0427626699719303
1.042975815872701
1.0431536558534533
1.0431773007942398
1.0431850363875994
1.0435980905913125
1.0437415385433004
1.0439813548508432
1.0441644987410474
1.0442014791232506
1.0444189082741864
1.044434931967489
1.0445218317433336
1.044872147813939
1.0449890983528447
1.045068376281222
1.0452142391701893
1.0453008390365892
1.045451681903448
1.0454955417498768
1.045557637103753
1.0457942267976161
1.0458240353405257
1.0458547592970462
1.0461526411181397
1.0463581404254902
1.0469564440686576
1.047113827903854
1.0472091031332036
1.047282093760717
1.0473680109492443
1.0475035142161873
1.0476029770138824
1.0479492452643389
1.048033060075168
1.048108868552914
1.0481174163009919
1.0481869403572963
1.0482183701250207
1.0484088463132804
1.048422744897412
1.048942995440178
1.0489432780255592
1.049004568270133
1.0491389321425997
1.049244529196923
1.0492932633537515
1.0494060969757628
1.0495432298247096
1.0497542449303927
1.049870547097797
1.049871366361898
1.0500490384256878
1.0503825629209536
1.0504663602041797
1.0504997718160203
1.0505079385558465
1.050727263401326
1.0512758979334582
1.0521162022657453
1.0523201601102141
1.0524200094313125
1.0526521826135784
1.0534643165257709
1.053662517220711
1.0536876827293542
1.0537900097581299
1.0538839612492612
1.0545301173492985
1.0546503066282054
1.054992372665359
1.055197488437972
1.055297413685803
1.0554243699102528
1.055618943897034
1.0556357607659916
1.0559420645153261
1.0560588569604823
1.0561385499650033
1.0566811411557129
1.0567655892518437
1.0567716238361158
1.0569651621828737
1.0571750001685594
1.0571859100097307
1.0575401330684349
1.0576468476667382
1.057751038236147
1.0579600854071536
1.0580094314695363
1.0580871231634337
1.0580879660219689
1.0585022476729258
1.0587177835802184
1.0588398428140648
1.0589831588446033
1.0590207068332036
1.0590510229895562
1.0595679052565117
1.0598241046709136
1.0598763221702157
1.0600847817597048
1.0602874956108777
1.060639270164934
1.060665088824365
1.0608043308410942
1.0608267028860396
1.0608896053220593
1.060933251602479
1.060959619588722
1.0609925394203374
1.0612373290226471
1.06149725330766
1.0616320772543495
1.0617900583994235
1.0618971810541504
1.0620935489094625
1.0621305744843428
1.0621798438542387
1.0621991252876137
1.0622297732831927
1.0624053958075408
1.0625069870352215
1.0626573811389537
1.0627387162962325
1.0631011283191292
1.0632902499824486
1.0633786586244396
1.0636178956162896
1.0636707033677282
1.0637083803226188
1.0638977484152319
1.0640001418544927
1.0640286497794533
1.0640416101474315
1.0640671041828142
1.0641201526872588
1.0642335291189036
1.0642462782709943
1.0643706446825776
1.0644205998879364
1.0649944652688383
1.0650141210351405
1.06512568997319
1.0651739400481834
1.0658843137234377
1.0658876195215028
1.0659608772206115
1.0661158692869594
1.06630469961738
1.0663987194787545
1.0664515322065526
1.0667087760180327
1.0667655782757184
1.0667720985381401
1.0669998047246978
1.0671348850811935
1.0676397840231129
1.0676493918203769
1.0677029218266683
1.0678062003649373
1.0678073013835625
1.0680817420124336
1.0681226881390944
1.0687907388461846
1.0688979078657952
1.0691746839415386
1.069661768813852
1.070815487295767
1.0711193577357971
1.071741355918041
1.0725184413168107
1.0725400771842886
1.0728050715569712
1.0728592917641282
1.0731620369560801
1.073489130475838
1.0735777325110147
1.0737785259662516
1.0738230963101958
1.0738830534300539
1.0738904398854672
1.0747378954977722
1.07630780153507
1.0768445307206513
1.0770141490126364
1.077284999701529
1.0776800085540512
1.0777822765047314
1.078034039390337
1.0780654025282996
1.0781612968821912
1.078596092592875
1.0789567700052904
1.0789757071409116
1.0790609367332578
1.079128079079885
1.0797332280594383
1.0798335278348448
1.0804546402956692
1.0806284324209081
1.0811569217138486
1.0813254965996095
1.0816732906395892
1.0817126022180195
1.0817513671284227
1.0819824485102032
1.0820455302555045
1.0822906378567285
1.0824149080988748
1.082433515808666
1.0827886775391138
1.08301740279402
1.0832444979385079
1.0832523039743231
1.0832669589214343
1.0832739363893455
1.0833053949039846
1.083580536376543
1.0840926838922837
1.0841002724501216
1.0842339466596438
1.0844405553474747
1.0845168212186544
1.0845869571201259
1.0849496768320392
1.0852934641727974
1.0855467620888546
1.085595143741973
1.0856309897926315
1.0858594498868408
1.085914245764849
1.0861832759512635
1.0861886440297477
1.0861920863825656
1.086240292342345
1.0863941543743845
1.086551933629627
1.0866547458875797
1.0867034131084239
1.0869087579562657
1.0869827191901267
1.0870430103065272
1.087330117081238
1.0874441341815775
1.0875270188160262
1.087612767446475
1.0878712480123547
1.0879558754704508
1.0883269129686708
1.0885466324603519
1.0885574430073808
1.0886389761567907
1.0887387455202637
1.0889306231457176
1.0892709600946198
1.0893186225021072
1.0893248988579596
1.0893594239885251
1.0893697955435222
1.0894341368651286
1.0895478855214267
1.0899549261615338
1.0901380312387874
1.0902004837328703
1.0902207169319085
1.090277166909493
1.0903680823002053
1.0908722030361926
1.0911858209642462
1.0912276173607662
1.091300556056812
1.0915577617240593
1.091719837552812
1.0917609768896843
1.0920056606229107
1.0924573213110635
1.0928350812845142
1.0928733423433956
1.09287668619894
1.0929087507167934
1.092965526827268
1.0930437890958737
1.0930650423690198
1.0931317343421934
1.093207778987708
1.0932325631009552
1.0933918217593572
1.0934036549543569
1.0936314253184811
1.0938892449225488
1.0941065333417583
1.0941840936638645
1.0941969671271723
1.0942951477820748
1.0943291110287618
1.0944507191952064
1.0944542819637884
1.0944587450320964
1.0945168567815342
1.0948532379270877
1.0949696164040696
1.09502188879823
1.095189545353724
1.0952120904019624
1.095308654550274
1.0953292976494327
1.0953806987364834
1.095453542915526
1.0954701775937088
1.0956594231092804
1.0956633630398656
1.0961709274234106
1.0963323326321324
1.0963518035159727
1.0966228662460957
1.0967561517109214
1.0968318481226202
1.0968642811110636
1.0968894112679395
1.0969024860880767
1.096933831551426
1.0973430882137662
1.0974124218274637
1.097420318846259
1.0974795607651961
1.097492922968195
1.0975131542974361
1.0976914323277833
1.097790948411649
1.0979661122222362
1.0980546165601686
1.0981070404161377
1.0981536757795196
1.098254811548031
1.0984143471097005
1.0985030136224962
1.0986131044180145
1.0986354388424364
1.0986763203582715
1.0988474006430573
1.098913183048758
1.0991193117528304
1.0992804000906913
1.099367820908883
1.0995652126887696
1.0997896483175318
1.0998023347643602
1.099838548552405
1.0999246588298537
1.099991185931563
1.100019065975449
1.1001198148474294
1.100149214593496
1.1001552773214445
1.1001996422144087
1.1002313396382666
1.100252586949036
1.1004218593713926
1.100429427158995
1.1004424039585334
1.1006267153836697
1.1006803013966107
1.1008109589941717
1.100866699315789
1.1008923619909723
1.1009888515703241
1.1009919205980787
1.101056884890603
1.1011940233290005
1.1012369245063034
1.1013129045072545
1.1013624282798073
1.101664757516796
1.1017784302113542
1.1017872726056175
1.101787437763407
1.1018805276052837
1.1019517337131635
1.1019527443954462
1.1019616464203137
1.102140180637085
1.1024056475425197
1.1027471066258554
1.1030119964793526
1.103087696856185
1.103562317483153
1.103582956401384
1.1041775934823248
1.1042591895307503
1.1044940088828306
1.1046631032577043
1.105015821962546
1.1050259609216528
1.1055352359279331
1.1057411763397862
1.105793841603477
1.1058026179156542
1.1058688418662035
1.1059922835519593
1.1065144113012875
1.1067918404914465
1.1071619263237735
1.1072940811260308
1.107980750170255
1.10817402424065
1.1085405321006545
1.1087960647661428
1.1091107326807181
1.1095080494559701
1.1098195557862547
1.110165802514559
1.1107974318944958
1.1108347985633564
1.111364902751295
1.1114092070064525
1.1118779257837845
1.11239193482906
1.1132331813932457
1.1136450848740092
1.1138640984320114
1.1140560714424286
1.114353573627579
1.1145930584928652
1.1146284182503832
1.1147269843984189
1.1152433631920338
1.1159130962688717
1.116762756704703
1.116766536203411
1.1167749395360123
1.117166387137393
1.1174937360154624
1.1176766648875558
1.1182782823305977
1.1183932235579734
1.119434653173213
1.119601275724816
1.1199349707296917
1.1204479869128496
1.1206096948720672
1.1207367099470789
1.1210889062357121
1.1231405605317397
1.124139503345785
1.124722335562277
1.1252676915394495
1.1277582476521195
1.127962321966782
1.1298709665888536
1.1307522364138756
1.1312264785080504
1.1313934880139316
1.1317858976947062
1.1320478324177823
1.1323779827704128
1.132609847297989
1.1327077678935311
1.133060741543523
1.1330923595274727
1.133375355867754
1.1334604033310949
1.1338707466906588
1.134110665642955
1.1342527644592746
1.1342895974304477
1.1348866717468589
1.1349770330939049
1.1350346808680363
1.1350436424117205
1.1352320063514632
1.1352615894343911
1.1352713803668004
1.135342088403384
1.1354977999452276
1.1355762329474148
1.135664772778282
1.1356736097330757
1.1360780423678924
1.1362432817303503
1.1362917338975047
1.137291351869714
1.1373442236707547
1.1374163382563531
1.137448655123913
1.1375458053679786
1.1376130820419732
1.1377046065109655
1.1377528190672737
1.1377563179657924
1.1379472490565947
1.1379576772956095
1.1379624890450482
1.1379712566175053
1.1380463713570788
1.138157526525752
1.138364773489351
1.1384605690252312
1.1385447474588566
1.1386283426176198
1.1388643953357256
1.139096089476955
1.139104627750797
1.1392402080781356
1.1392959281215989
1.1393413402594363
1.1395433798079426
1.139570115115098
1.1396166421827238
1.1396654038671614
1.1401396399738093
1.1401944786598872
1.140358014024672
1.1405698316562094
1.1407408562535366
1.1408053826200906
1.1409686445868608
1.1410326135651383
1.1410862348576007
1.141114815545669
1.141228025050158
1.141461595360717
1.1414651383262593
1.1414694942583072
1.1414935853551686
1.1415272082823282
1.1415489327937864
1.1417860629107832
1.1418574121331508
1.1419078607588617
1.141909569751191
1.141960919822029
1.141984314544046
1.1419888199332697
1.142083347973769
1.142131072535226
1.1421772231205176
1.1421873896232484
1.1422775537420229
1.142314635363804
1.1423783468652542
1.1424585770231228
1.1425220520626733
1.1425235075218791
1.1425519446904726
1.1427636897241944
1.1428221228852726
1.1429015654064543
1.1429542977639315
1.1429804781102113
1.1430986328106616
1.1432621573764186
1.143268031889139
1.1434300361056204
1.1434906185774614
1.1435118389120782
1.1435285394481833
1.1435485838089543
1.1436580971125077
1.1437467874520433
1.1438310193176764
1.1438568176150608
1.1440732883750064
1.1441346532157015
1.144230019404502
1.1442507228266088
1.1442532828707899
1.1443142902425985
1.144315900671699
1.1443692551993523
1.1444355924173077
1.1444362750518233
1.1444386050995197
1.1444400870645117
1.144442009923091
1.1446530714457621
1.144757414402779
1.1449637141097653
1.1450123408562265
1.1450158648200854
1.1450213083026244
1.1450596406944815
1.14506440447685
1.1450838056947812
1.145099655016124
1.145143127581535
1.1451572898053217
1.1453401983656286
1.1453539087513904
1.1453881809060311
1.145549986405766
1.145575812812937
1.1456228133561446
1.1456971434123637
1.1457297448965857
1.1458381113047282
1.145851898722021
1.145889193765608
1.1459477630179773
1.1459644444159038
1.1460710517356278
1.1460951025323676
1.1461529570855116
1.1462624081351194
1.1463065740064435
1.1463539189612575
1.1463619548129027
1.1463659186095
1.1464284855026798
1.1464358949928621
1.146442679569743
1.1464599419196837
1.1464665475981868
1.146496603874616
1.1465336490982274
1.1465445751700503
1.1465621704593085
1.1466220341488502
1.1466387300426368
1.1466490345120417
1.1467604975849721
1.1467770003159425
1.1468143223481313
1.1468411533826852
1.1468747645055992
1.146885461205688
1.1470022603348264
1.147024104196474
1.147073537638788
1.1470965843015453
1.1471729709002438
1.1471733059789109
1.1471847807915536
1.1472318343332994
1.1472498701093323
1.1473530867544866
1.1474925884890392
1.147525159410482
1.1476327340273815
1.1477382101477918
1.147873202460035
1.1478814544389384
1.1479314255595114
1.147973164637487
1.1479941529241335
1.1480672896913504
1.1480929647003273
1.1480957293321081
1.1481038240672068
1.14826869025349
1.1483053947857216
1.148474817597646
1.1485254755291563
1.1485573525040986
1.1485928801040353
1.1486348383675602
1.1487417177296915
1.1487458397142982
1.148759837263518
1.1487844765205693
1.1488059623206957
1.1488863675365537
1.1490226056415684
1.1490391434192901
1.1490755203373693
1.1491647707620614
1.1492438447447095
1.14940731036674
1.1494914843975519
1.1495418325996152
1.1496149850423085
1.149693861989625
1.1497072865444082
1.1497493812631385
1.1498394993284033
1.1499213441299052
1.1499589393508947
1.1499631108309498
1.150042733410865
1.1501025206967954
1.150139545379858
1.1501540913120722
1.1502408114167189
1.1502446587804727
1.1503104817600251
1.1503762016558208
1.1504204270856646
1.150454567302813
1.1505299008888816
1.1505794771943316
1.1506508969813363
1.1506941324547637
1.1507855912316667
1.1508227499776404
1.1509252215078376
1.1509289675373207
1.1510202118952244
1.1510314895551088
1.1510633516221584
1.151071941705084
1.15110327561514
1.1511403592193479
1.151177377817181
1.1513389106708682
1.1513737016577326
1.151384650827872
1.151419528496077
1.1514253703275186
1.1514614867281188
1.151569135322904
1.1515748249913091
1.1516300084325977
1.1516354920547607
1.1516668907700112
1.1517578139956206
1.1518982259803967
1.1519666336836452
1.152009718867554
1.152025403146457
1.1520878524393372
1.1521029593422139
1.1521549125095876
1.1522198233813847
1.1522279056135458
1.1523316499260372
1.1523606992964874
1.1523632988633226
1.1523754847487186
1.1524045042185067
1.1524401481731619
1.1526847620251484
1.152717593078887
1.1527285483927743
1.1529080933101579
1.1529267661959728
1.1530122860379513
1.153026039953866
1.15303088474419
1.1530336519530486
1.1530357006404657
1.1530417281283014
1.15320780978508
1.1532160604315702
1.153375137893723
1.1533871776450952
1.153394910781633
1.1534035773495297
1.1534219336102516
1.1534616920902572
1.1535310497282376
1.1535508252383755
1.153618600353428
1.1536734255299173
1.1538163047348544
1.1538193851982446
1.1538969913751187
1.153954315321387
1.1539701626620062
1.154013804154218
1.1540411084001916
1.1541780316713304
1.1541810163729547
1.1542134928994354
1.1542362536198676
1.1543068614975147
1.154361531920288
1.1544303925463666
1.154459276629621
1.154513282564539
1.154553180524433
1.154571224333259
1.1545718235042024
1.1545786757421923
1.1545818172351074
1.1546655671206896
1.1547638044007718
1.15478670321798
1.154798314227535
1.1548105032727851
1.154899682721362
1.154955183011114
1.1550106753325038
1.1550254611701989
1.1550450686600917
1.1550892721304662
1.1551067359944664
1.1552002339552085
1.1552204039642546
1.1552789200754878
1.1553249889374622
1.1553422736754089
1.1553759109171713
1.1553973712537238
1.1554150159954566
1.155431925047885
1.1554853196554125
1.1555183246423686
1.15552050849837
1.1555879546729342
1.155640910596789
1.155661543023353
1.155766470868142
1.1557855173991909
1.1557856961219548
1.1558235333360047
1.1558332261068287
1.1558785042547302
1.1558961155699943
1.1559546874706847
1.1560227175247957
1.1560559600726492
1.1561121592619361
1.1561220659335956
1.1561758581957815
1.1562490965583232
1.1563132246122603
1.15633193770497
1.1563475307855071
1.1563542116898482
1.1563619540470542
1.1563765481014936
1.1564194582138478
1.1564218251069605
1.1564381876781356
1.156452891996051
1.1564774155283453
1.156534606781794
1.156551929162496
1.1565694144179652
1.1566132684719026
1.1568101077712505
1.1568406822089567
1.1568529980791389
1.1568809524032393
1.1569293513735754
1.1569834111295527
1.1570269028733324
1.1570412115428563
1.1570488242248864
1.1570515004852575
1.1570576701518895
1.1571134559983542
1.1571205913540976
1.1571242843795584
1.1571260735719386
1.157154214835979
1.1571987211692392
1.1572457077191303
1.1573022667353303
1.1573396251395283
1.1575024945747034
1.1575471660388212
1.1576586125079202
1.1578153490032181
1.1579509182751455
1.1579908034911446
1.1580219179641909
1.1580260728446239
1.1580609633943244
1.1581372077940757
1.1581541843264112
1.1582222660483843
1.1582344802125113
1.1584435847703525
1.1584975957497894
1.158576192753821
1.1586075285331878
1.1586894142501718
1.1587081641899113
1.1587432218153138
1.1587807720460428
1.1587941992758501
1.1588133807082366
1.1588656737963934
1.1589091006607266
1.1590713185653803
1.159082626984503
1.1592352490679372
1.1592360510948547
1.1592406533344684
1.1592696313176687
1.1593064494139589
1.1593098802922175
1.1593186886458333
1.1593488013489879
1.159399352418553
1.159446644123192
1.1594531880662973
1.1594846080105135
1.1595023860970688
1.1595338773011574
1.1595642962115857
1.1596805945014983
1.1598612133406347
1.1598662003799352
1.159965115157254
1.1599744647214092
1.1600238678234434
1.1600362899911
1.160039747998998
1.1600603282398905
1.160065072852619
1.1600916740311458
1.1601692341907157
1.1602945269221623
1.1603090448432984
1.160312238278972
1.160412970445604
1.1604212870403405
1.1605077094077665
1.1605097987239632
1.1605318277612646
1.1606086448403496
1.1607282989000425
1.1607392499025253
1.160776905478003
1.1608167552331856
1.1608309853884091
1.1608604262075195
1.1608897864730225
1.1609013094871417
1.1610184621557842
1.1610185956516128
1.1610311556532837
1.1611567146421984
1.1611886224555859
1.1612676753745166
1.1613367365941143
1.1613374577291693
1.1613697041832187
1.161405838671952
1.1614735246457677
1.1617818360429342
1.1618177692833147
1.1620989576082015
1.162108054382748
1.1621374382988252
1.1621600459378671
1.1622189007801342
1.162227496615264
1.1622294627069176
1.16234978329874
1.1624223476090996
1.162454629884247
1.1626188118042513
1.1626777650919276
1.1627235256821535
1.162744551084459
1.1627500910525033
1.1628019004532548
1.1628203852887655
1.1628301948090987
1.1628601213492216
1.1628940098898248
1.162915086021051
1.16296830919441
1.1631597617737757
1.1631845117912347
1.1631980040425003
1.1632527980583343
1.1632580800865702
1.163284754891585
1.1632872380405026
1.1633102934581827
1.1633375219847852
1.1633523232164817
1.1633987331502598
1.1634088165784346
1.1634405410220217
1.1635112126619267
1.1635405785926092
1.1635547578418166
1.163600067224518
1.1636486172960732
1.1636783416548093
1.1636820676605113
1.1637973440680662
1.163833233794597
1.1638632320448257
1.1638646525418326
1.1638853698755867
1.1639773456657472
1.164018827993087
1.1640328326168623
1.1641796750211189
1.1642215872993302
1.16430108601115
1.1643270944377897
1.1643396603792175
1.1643450763668837
1.1644212745980465
1.1644248246981705
1.1645036695224098
1.1645316782318813
1.1645570757830181
1.164597082179168
1.164598012153365
1.1648271681366054
1.164883564221747
1.1648856601537745
1.164915141036863
1.164927885659422
1.1649954399763933
1.1650061131199494
1.1650076495325528
1.165074469104592
1.165109182216442
1.1651513621749419
1.165165270349195
1.165184398081487
1.165195647523978
1.1652279708999482
1.1652494498318682
1.1652499192580414
1.1652927909576443
1.165297178337603
1.1653902711431796
1.165399025187279
1.1654008304527963
1.1655074916549972
1.1655421158274424
1.165551895025876
1.1656047117122235
1.1656415458451286
1.1656803128163267
1.1657165260842557
1.1657436394483083
1.1657684621619704
1.1657933385915584
1.1658393365566655
1.1658842572100196
1.1659096633499324
1.1660335312923915
1.1660431818808652
1.1660503096904005
1.166057345156161
1.1660920451086978
1.1660938374525196
1.1661480814041871
1.1661968287985232
1.1662652516479513
1.1663510886278132
1.1664657488953232
1.166521974374106
1.1665312485807262
1.1665721140099685
1.1666514747600925
1.1667335682409838
1.1667415799581584
1.1667982215230757
1.1668073522415547
1.1668773301998703
1.1668802110968053
1.1668954430195968
1.1669276818599106
1.1670204273383478
1.1670389635207135
1.167056261179255
1.1671371788153557
1.167205739191244
1.167217009610688
1.167264032799913
1.1673075592066258
1.1673283172199882
1.167397081214145
1.167405326810679
1.1674339832040608
1.167458381647193
1.1674910847895905
1.167635411151298
1.1676945452990948
1.1678185731009996
1.1678211718744378
1.1678511778265124
1.1679731034321752
1.168036291053837
1.1681762501311423
1.1682595734225178
1.1682734938651456
1.1683027301952105
1.1683996802961698
1.1684436417813406
1.1685431144106213
1.1685783056198067
1.1685981357933486
1.168624576648536
1.1686594483954245
1.168722999959317
1.1687645442965364
1.1687876239306736
1.1688956859594894
1.168926711260193
1.1689378214170658
1.1690186777901614
1.1690417783120384
1.169059325580459
1.1690597947971058
1.1690871768839581
1.1692119132154868
1.1692258236849153
1.169226928091074
1.1692339648543417
1.1693022441902405
1.169371664834011
1.1694135169546667
1.1694512921005786
1.1695158738075646
1.1696099112223817
1.1696249419241365
1.1697354149812962
1.169842208255905
1.1699448266600612
1.1700339794046772
1.1700861566455867
1.1702109484521017
1.170211930716533
1.1702296103162264
1.1702320379471298
1.170233492366147
1.1702373141873443
1.1702900713638686
1.1703246947664383
1.1703416628076648
1.1703827215581957
1.170413755688487
1.170537523658725
1.1706099396703542
1.1706364712497757
1.1706555271464394
1.1706863424545788
1.170691761554964
1.1707073259386132
1.1709061442673685
1.170940181547995
1.1710473350382649
1.1713319076960835
1.1714083429202347
1.1714176953422146
1.1714614583852643
1.1714881508311483
1.1715295300197992
1.1715487066933605
1.1716422862770768
1.171645013607793
1.1717326932718337
1.1718564272080547
1.1718600182752659
1.1718700643513595
1.1719039461060508
1.1719326003899104
1.1720013093481771
1.172026683392699
1.172041011705603
1.1721339941196336
1.172135901927517
1.172152645165564
1.1722037079500869
1.1723153727064812
1.172414827024668
1.1724261978981416
1.1727305544957949
1.1727629551667045
1.172916417739823
1.1729755385833411
1.1730525960248843
1.1730544770375555
1.1730962320263991
1.1732114216638196
1.1733573781155815
1.1734144888313411
1.1734473860526922
1.173460635553438
1.1734829509869742
1.1734991691784762
1.1735434949913552
1.1736105373041383
1.1737263771069388
1.173861970534332
1.1738807284815285
1.173886819274368
1.1740079768016816
1.1740304997750357
1.174041490221743
1.1740661543749573
1.174088992512239
1.1741088459426157
1.1741723646007167
1.1743286428731616
1.1743949123201627
1.1744185097385422
1.1744609922341358
1.1745862942848881
1.174656972534048
1.174708504014168
1.1747273590854401
1.1747379514005178
1.1748017129778734
1.1748288308412045
1.1749122603014164
1.175070282167335
1.1750825882678209
1.175216076146048
1.1752337335968925
1.1753457790002073
1.1753524480968773
1.1754318482615393
1.175524154615016
1.1755407119835652
1.1755745883012354
1.1757145341474182
1.1758337133754697
1.1758532906453403
1.17597212516505
1.1759793655288648
1.176048927184489
1.1760606381949177
1.1761010783047448
1.1761327808215503
1.1761652823648159
1.176430103696624
1.1764888644728155
1.1765953799502304
1.1768655094624454
1.1768739468946594
1.1768897950825126
1.177035160023383
1.177291624701717
1.1773041347205642
1.1773554906078063
1.1773993143225563
1.177405672582433
1.1774840104555269
1.177490792978631
1.1775412853702205
1.1777491324828302
1.177758510318163
1.1777622522980102
1.1777760899143004
1.1778258522460099
1.177840664683932
1.1779172158167883
1.178029726086691
1.1780469665973698
1.178062833692126
1.178177921350104
1.1781901831819952
1.1781913379927336
1.1782089732390908
1.1782359320350102
1.1783162394086277
1.1783539783340726
1.178428626919563
1.1786707185518166
1.1788052056639577
1.1788412724938537
1.178844757643648
1.1789095196884922
1.1790752703355334
1.1791954728875729
1.1792156453807092
1.1792612138770726
1.1794069747995244
1.179462227774535
1.1794763386625235
1.179476737019551
1.1794932922542591
1.1796345954314462
1.1797169840232329
1.1797461292962104
1.1799033780655102
1.1801446352346672
1.180163540032814
1.1801668577729898
1.1804675804554776
1.1806151279343384
1.1807923876551956
1.1808446405419566
1.1808669561069893
1.180885029560057
1.181216402473864
1.1815186207560402
1.1815279546590634
1.1815498567109266
1.1816471498798102
1.181659584205312
1.1816710119103448
1.1817144925582004
1.1817163965523492
1.1819228175363152
1.181963046482067
1.1819741063819624
1.1821276223545638
1.1821966155455719
1.1823129458818669
1.1823336320291749
1.1825165745615354
1.1825661511484005
1.1825805515266792
1.1826012722303756
1.1826197527666573
1.1827468612675889
1.1827662917992485
1.1828264017216117
1.1829505543121195
1.1829558436352818
1.1830403891419183
1.1830511102483356
1.183343826308286
1.1834307579064824
1.1835019852759017
1.1835950515911877
1.1838393925224369
1.1838877890586361
1.1838884411919741
1.1842623667738308
1.1844015064828026
1.1845505798651916
1.1845867639913952
1.1846500695605058
1.1846868748905806
1.1849840342561493
1.1852074760983133
1.1852196950204765
1.18532875669346
1.1853655684028108
1.185392303780134
1.1854005654818325
1.1854123266568304
1.1854169181145742
1.1855275322309244
1.1855900409709383
1.1856601322484657
1.1857418554009203
1.1857645028680353
1.1857666641139097
1.1858611994710546
1.1858646171694258
1.1858952361115827
1.1860587637273934
1.1861211527238484
1.186422396456304
1.1865510633531273
1.1865872628609113
1.1866997338051526
1.186914879008263
1.1871596277133474
1.187217278752236
1.1873061108956293
1.1873705979984341
1.187524713247672
1.1878235384956057
1.187869797581976
1.187966836485341
1.1879761486202753
1.188025538586299
1.1881031930812533
1.188498773363936
1.1885747121329322
1.188745622042579
1.1888380844440454
1.1891911754196924
1.1900548903611607
1.190140270714255
1.190699051978883
1.1907111896877522
1.1907768241016927
1.1911928282443849
1.1913580025804602
1.1916875780923115
1.1917179228320252
1.1917721458644517
1.1918194125858983
1.1920960956242406
1.192438086954153
1.1926246234022053
1.1929827751015114
1.193059074955656
1.1931761342283043
1.1936618071101757
1.1937527476066536
1.1939533269846838
1.1939851930258714
1.1942426566409952
1.1943866056779453
1.194498376011298
1.1945478592555538
1.1946762666359267
1.1949539479822964
1.1952154473682954
1.1953694827174295
1.195576883523784
1.1956016830830158
1.195761666627883
1.1957671503563685
1.1958095231095345
1.1958311230150875
1.1958592025541994
1.195979146746279
1.1960311103169081
1.1961590576726053
1.1962037660897298
1.1962796384029497
1.196340157327499
1.1964583877972148
1.1964618574470505
1.1966771865307526
1.1967108126575146
1.1967785745778603
1.1967846018043853
1.1968849941321005
1.1970417564511617
1.1971323938509553
1.1971976692264934
1.1971994281413894
1.197524775892768
1.197534421330725
1.19763599380545
1.1977263899937833
1.1979516719851206
1.197962551837196
1.1980996088122426
1.198129748048697
1.1981840571328557
1.1983590629964285
1.1984223591436245
1.1984286602819665
1.198508232859788
1.1985301934097026
1.1986151839457149
1.1986830062187228
1.1987674678405107
1.1988275858443296
1.1988726818159232
1.198962421266163
1.1990131710786183
1.199026943964783
1.1990587185221018
1.1990858674341485
1.1992382710765186
1.1992779162685794
1.1992790895058385
1.1993366713165048
1.199354384290075
1.199443724173172
1.1994608151745765
1.199511979021008
1.199535431218699
1.1996584201066287
1.1996587907329477
1.1996963942253367
1.199827210210168
1.1999131105753553
1.2002260077377949
1.2005156605928113
1.2005206248564892
1.2005242808167358
1.200562104153312
1.2005841525689975
1.2006522870208256
1.2007357097359028
1.200773517404518
1.2010234898342333
1.2010235156645206
1.2010276801020194
1.2010729048109323
1.2012250997159257
1.2012679165709195
1.2013625974786244
1.201394497494813
1.2014430555066902
1.2015179922832733
1.2016445157769902
1.201683044526289
1.2018188666811391
1.2019606766838566
1.2019833015569659
1.2020416082799201
1.2021924335567116
1.2021948896381307
1.202218577728771
1.2023481214882124
1.2023976292536551
1.202649051483903
1.2027127937891722
1.2027916861864358
1.2029002746680062
1.2030156257988427
1.2030682860682895
1.203094406613753
1.203237020797585
1.2033216379618068
1.2034158931230448
1.2034498179054982
1.2035635691180162
1.203605152533817
1.2036242587289703
1.2036915192800752
1.2038531014173823
1.203906471386339
1.2039249358373925
1.2039334421857588
1.2039412781286887
1.2039758252972825
1.2039761914702054
1.2039821834687299
1.2041229415654073
1.2042559785709246
1.2044251427527617
1.2044299112597079
1.2045098240942245
1.204512099562296
1.2045852837483053
1.204588521874396
1.2046027229687994
1.2046406269968577
1.204834822151222
1.2048668925723722
1.2049075244702923
1.2049770657721304
1.2050845682735967
1.2052460276445054
1.2052920891897128
1.2053089468389602
1.2053095865855996
1.2053319583012116
1.2053587206042957
1.2054207235097563
1.2054518257040399
1.2054907342755092
1.205645866054401
1.205720680379045
1.2058348457935475
1.2058657746828385
1.2060101303383655
1.2060958987646588
1.2061301144454555
1.2062961044905953
1.206427517002875
1.206502378173865
1.2068479682122775
1.2068810018924856
1.206982208754839
1.2070791922182071
1.2071174594190441
1.207174401499294
1.207196133211295
1.2072267298200299
1.2072289345606526
1.2072542357714227
1.207271628190583
1.2073708271575752
1.2073735402920045
1.2073757523026918
1.2074080666584308
1.2074167272684189
1.2074396841206352
1.2074908627550227
1.2074922244857016
1.2075160931692448
1.2075201909963496
1.2075321550715734
1.2075702820100536
1.2076462499088776
1.2076475241935045
1.207713933640465
1.207716310723578
1.2077610923242479
1.2078244833388796
1.2079217629747048
1.2079307670211357
1.207937230853412
1.2080589823054446
1.2080811338344868
1.2080945082534762
1.2081482234503809
1.2082031718849657
1.208240054531376
1.2082936161206401
1.2083510725373003
1.2083584699320473
1.208364730988628
1.208390742081871
1.2084733180844769
1.2085909803053971
1.2087243148899516
1.2089346243489476
1.2089504654992644
1.2090043271650208
1.2091591097753918
1.2092439147248741
1.2094635206508522
1.2095017334128233
1.2096377805080099
1.209653585652512
1.2096919598203448
1.2097599678919377
1.2097680329473808
1.2098587681551933
1.2098627976731033
1.209876323589736
1.2098896527388208
1.2099829005707674
1.2100189179533452
1.2100251667654243
1.2101420418090527
1.2101883066207675
1.2102176696569251
1.2102208923894173
1.2102227539140193
1.2103266431409463
1.2103908619622463
1.2104020658083394
1.2104687004341985
1.2104930674315513
1.2105021768172466
1.21062320348079
1.2106324259758672
1.2106607845633488
1.2107797805856864
1.2108863708220319
1.2109845681007072
1.2110047856514072
1.2110688900995075
1.211151614476266
1.2112242965201567
1.2112547407461498
1.2113189317782307
1.211333102737193
1.2113591164477853
1.2114764694254379
1.2115397831247148
1.2115739237552436
1.2115783002695075
1.2115987032828526
1.2116952536441314
1.2117074503776206
1.2117265093573995
1.211831237760559
1.2118325395713079
1.2119032077035912
1.2119251624005922
1.2119964870475795
1.212014043042556
1.2120382244235208
1.2120415672146108
1.2120597534312205
1.212170611636848
1.2121799811641814
1.2121948154394555
1.2122200189369612
1.2122392851667612
1.212244651814993
1.212324065732239
1.2123410051951748
1.2125131978706756
1.2125887501673194
1.2126372562519498
1.2126622112397443
1.212685494247861
1.2127696266882733
1.2128642123291924
1.2128729691234346
1.2128821088853916
1.212912423836138
1.2129331372208714
1.2129733500492696
1.2129741947822203
1.2130768965317922
1.2130843794826516
1.213231709039949
1.2133429583472495
1.2134044028860793
1.2134189663389836
1.2134929768090927
1.2135183368877642
1.2135578580863833
1.2137019754393186
1.2137694774014107
1.2137776430146479
1.2138097587590855
1.2138340655678959
1.213845658433064
1.2138761295760485
1.2139303796221992
1.214005300949965
1.2140780122179602
1.2141317679593642
1.214223057400517
1.21423417718571
1.2143196066784538
1.214354768906572
1.2144054049840391
1.2144356559078666
1.2144519911776472
1.2144653819195423
1.2144766007806438
1.2145501283885405
1.2145780947079823
1.21460139817379
1.2146436367501376
1.2146794612420082
1.2146937976416925
1.2147672344368545
1.214811928871718
1.2148176256341274
1.2148473915669984
1.214857998586947
1.2148676738768953
1.214871876336861
1.2148965951832535
1.2149200523097847
1.2149572330915928
1.2149877862013143
1.215106265948573
1.2151428307200556
1.21515155279836
1.215267398651817
1.2153903718175987
1.2154310610546388
1.215436265105282
1.2154408545391957
1.215441226067616
1.215525510892238
1.2155970346578664
1.2156135010277218
1.2156418572081142
1.2157154487914308
1.2157502483373601
1.21580051868735
1.215836250715514
1.2159359731927135
1.2159732008750488
1.2160032522106305
1.2161066890280823
1.216242226024981
1.2163372388393145
1.216389597476438
1.2164296198460103
1.2164530297806866
1.216491102005832
1.2165269225769877
1.2165832880361471
1.216653459913283
1.216701760209588
1.2169222206942774
1.2169371011886259
1.2169909277554827
1.2170772903129954
1.2170977593455048
1.2171337556265307
1.2171347088795719
1.2171782003423246
1.2172006923649548
1.2172298917333166
1.2172786985007311
1.2173099981552709
1.2173166339723462
1.217456420172405
1.217488580211785
1.2175487909199176
1.2175573961734933
1.2176744679494
1.217703250699789
1.2177725597312705
1.2177737206209258
1.217902888509178
1.2179168650547942
1.2180119658271036
1.2180554592351205
1.2181112437093975
1.2181115306947914
1.2181475373881245
1.2181526916918664
1.218163693378198
1.21828649516725
1.2183437667107113
1.2185319932846268
1.2185681066264646
1.2185832221245763
1.2186146730965302
1.2188490176135351
1.2189296841394404
1.218936146031242
1.2189499884419603
1.2191001726251318
1.2191052934768027
1.2191280307133452
1.2191882425826253
1.2192183326914627
1.219244745755454
1.21934649700774
1.2193743474046561
1.2194612787059462
1.2194904588905127
1.2195490183593907
1.219650073485644
1.2197011991515019
1.2197429632659091
1.2197962605028814
1.2198112673176915
1.2198403724429454
1.21998754770058
1.2201539271414132
1.2202236182758712
1.2202287371879437
1.220346925951473
1.2204036328299768
1.220408987237169
1.22043462303848
1.220491006516965
1.2205450266184212
1.2206222762601973
1.220654819263602
1.2207737056836367
1.2209211683299548
1.220925064738033
1.220934993604704
1.220964114879126
1.220973739800207
1.2209757897243538
1.2210895162919175
1.221131121429167
1.2211537258938128
1.2211632056928174
1.2211768329787664
1.2212749691418976
1.2212803491256978
1.2214018704836096
1.2214020395763818
1.2214306038441367
1.2215389096822105
1.2215678822584024
1.2216861108980785
1.22174429868314
1.2218137131070734
1.2219660762359157
1.2219719382907765
1.221986680509536
1.2219962013511099
1.222095160084964
1.2220955688395139
1.2221525217306437
1.222174165868406
1.2222482658499823
1.2222615737733211
1.2224228218727717
1.222499107618836
1.2225126294761681
1.2225413880785354
1.2225432300889552
1.2226009025516045
1.2226769994427362
1.2226923256084816
1.2227574535839256
1.2227957194143346
1.2228479013530205
1.222848226551713
1.2228559747858183
1.2228600542251487
1.2228995402550715
1.2229042001552868
1.22293428072316
1.223012078209687
1.223012606058592
1.2230345881280813
1.2230742513646782
1.2230850252926466
1.2231154693960593
1.2231189099847513
1.2231615764066253
1.2231727018311496
1.2232083438032795
1.2232598824742584
1.2233178208647104
1.2233420761443667
1.2233623573142498
1.2233647548881954
1.2234181468175394
1.2234696379774177
1.2235053186299856
1.2235154299376216
1.2235432062973433
1.2235708337149798
1.2236349379803955
1.223678150829682
1.2237271231887774
1.2237880547795836
1.2238945469908997
1.2239412459933334
1.2239488594899008
1.224019232290169
1.2240199646132741
1.2240241584387512
1.2240348148685378
1.2240674725752507
1.2241196447763014
1.2241462871593625
1.224146661270631
1.224167155016321
1.2241949788320008
1.224232253468486
1.2242413734048385
1.2242944378473581
1.2242969627619522
1.2245344419075743
1.2245404531625996
1.2246471870193567
1.2247318242648007
1.224755837685545
1.2248109366732562
1.2248340015633554
1.2248667980129044
1.2249014417133304
1.2249553665818325
1.2252154985807007
1.2252342682090798
1.225244356078455
1.2253219192576341
1.2254078985847618
1.225421062495158
1.2254853108376362
1.225491337630608
1.2255234743130012
1.2255572027672592
1.2256127846501237
1.2256439080345607
1.2256756893390626
1.2257639244513536
1.2257855778302893
1.2258031540941843
1.225805932466138
1.2258218700880346
1.225850412023514
1.2260047365177205
1.2260122304058434
1.2260132998094952
1.226015091494819
1.2260670943192424
1.226128262917667
1.226220422994017
1.2263482599549207
1.2263727165193286
1.2263759441587094
1.2263929278429524
1.2264108589466785
1.2264111233599444
1.2264417814186592
1.226463438936724
1.2264876517482886
1.2265276638490674
1.226564450443777
1.2265658450646575
1.2265707449501408
1.226657231730977
1.2267077541644116
1.226728870550634
1.2267358832164055
1.2267973921063267
1.2268308622549629
1.226923013644665
1.2269798536713215
1.2270647775574204
1.2271071660591455
1.2271954340510673
1.2272453630727427
1.2273098922843917
1.2273232525208175
1.227334230720811
1.2273437386230597
1.2273545749021937
1.2274600777257985
1.2275330320653166
1.2275493271864817
1.2275570696116545
1.2276002343144483
1.2276554891631744
1.2277004353051382
1.2277122247668244
1.227834930773675
1.2278487724337235
1.2278643473061672
1.2279214275464305
1.2279369182482427
1.2279936199068917
1.2281024754284384
1.2281102107060393
1.2281221043601835
1.2281277810425608
1.2282096631697332
1.2282446345353293
1.2282467840474758
1.2284416907042672
1.2285028588464526
1.2285341642946994
1.2285627536523531
1.2286220890459816
1.2286972899915964
1.2288597426062993
1.2288844144197817
1.229019940798875
1.2290302374729314
1.2290346279866866
1.2290524197283499
1.2291156602192794
1.2293214958385126
1.2293362206252167
1.2293525662716704
1.2295132549806636
1.2295292544651224
1.2295382007320224
1.229538621707227
1.2295486375063829
1.229577555108181
1.229614343077492
1.229672294558609
1.2296730544188432
1.229763946846763
1.2298805762378282
1.2298966044724955
1.2299427242052523
1.2300999254576253
1.2301298931211078
1.2302397563064256
1.2302694899238487
1.2304501238891405
1.230475578807507
1.2304852159176503
1.2305432810018895
1.2305633836808414
1.2305985248704545
1.2306140836563317
1.2307216741036064
1.2308155947200743
1.2308585404106165
1.2308678523720105
1.2309225419053378
1.230962199885009
1.2309775682463646
1.231056254461885
1.2310827062561986
1.2312253957880985
1.231409530551297
1.2316218155248702
1.2316353612731732
1.231664492736367
1.2316658335237074
1.2316960768827332
1.2318183010673156
1.2319638186720103
1.2320034335081211
1.2321365745353752
1.2321646715177803
1.232186492296387
1.2322106566575475
1.2323079985101348
1.2324448530890542
1.2324467964181631
1.2324515493222823
1.2325850415475814
1.2326103718555284
1.2328792242887876
1.2329095775664827
1.2329117397248655
1.232934431301935
1.23294809742465
1.232958264555724
1.2329906890584514
1.233103665918786
1.2331552950746985
1.2332253935050186
1.2332627752131082
1.2334274371096414
1.2334456866239552
1.2334798661702289
1.233494369160538
1.2335828093670471
1.233603309346301
1.2336068574021237
1.2336692457549518
1.2336864708370567
1.233757354821347
1.2337672727008868
1.2338999573857006
1.2339461168711305
1.234065844512639
1.234169957433351
1.2342813873301735
1.234292642758689
1.2343868034914214
1.2346405054586334
1.2346722955216676
1.2347125243585524
1.234852468069204
1.2348933827647293
1.2348995981386857
1.234915003791208
1.2349716315576253
1.2350332439923757
1.2350535188159726
1.2351130928837133
1.235390332276601
1.235513082988297
1.2355195313538734
1.2355949272408533
1.2356833181331788
1.2357259522426876
1.2357967555836662
1.2362087833393933
1.2364151412585778
1.2364949909536949
1.2368264829852156
1.236864282685724
1.2369094858809848
1.2369210427887485
1.237176590611113
1.2372805509170843
1.2373594435440325
1.2374347618935941
1.2376373706224097
1.2376975332205629
1.237832475892399
1.2378850931362133
1.2379172688351536
1.2379219751562145
1.2379444959605843
1.237987205415552
1.2381431081818646
1.2381744628224283
1.2382610279660977
1.2383679716655167
1.2384146669094769
1.2384290876938977
1.2387786371803007
1.2388453743508518
1.2389385452986377
1.2389859625538882
1.2391796017913599
1.2392382949065277
1.2393091473899744
1.2395571566638963
1.239557217215704
1.2395825501557467
1.2396133523778763
1.2402649029153563
1.2402761940540232
1.240396614518468
1.2404067801873546
1.240471206247246
1.2404848151041237
1.2407151794459161
1.2408022739639815
1.240837639692425
1.2408924173443798
1.241091257494055
1.2412233455553754
1.2412255913005708
1.2415932464627484
1.2416931010900096
1.2417397847387284
1.2418827477347738
1.2418875350420424
1.2419684554059147
1.2421296169586793
1.2422053999185134
1.2423319478419568
1.2423911673093875
1.242581046944596
1.2425927156702834
1.2426933907646738
1.2429488138571252
1.2429609227489897
1.243020959044208
1.243094737708309
1.2432204118737433
1.2433022097065805
1.2434399308419604
1.2434545647623236
1.2435156094919215
1.2437504775195563
1.243839766038901
1.243857871440876
1.2439791316019178
1.2440832293716622
1.2442396482223754
1.2443989375406337
1.2448422298626673
1.2453487732836286
1.2453979912403281
1.2454946097727895
1.2455741910705207
1.2455902982432636
1.245735947637467
1.2457877886262805
1.245826576984697
1.2460170547707101
1.2461416575728714
1.2463036420136944
1.2465666620217501
1.2466692546090585
1.246691820283349
1.2468493509567042
1.2468926216308844
1.2469009850329922
1.247623669411335
1.248027972848586
1.2481583509091887
1.2482850787757596
1.2488879232141437
1.2495203677386715
1.250022645498525
1.2506098731650555
1.2506950198248172
1.2508265063295645
1.2520710537279942
1.2526683578580133
1.2533236173727749
1.2539514644609961
1.2542225309131734
1.2547871758310098
1.2548867574246658
1.2551783234067515
1.2555398289850714
1.2566173631926858
1.2568313613390851
1.2569343484604447
1.257902695792822
1.2591842690936028
1.2596421118537648
1.2613383001190415
1.2623185612597685
1.2646327226904417
1.2657749465345074
1.266380570412186
1.266846571970689
1.267439268026964
1.2712564408637064
1.271892013140437
1.2729220632321945
1.273850890620076
1.2738872438082496
1.273974128281338
1.2750864015601897
1.2782322931886323
1.2796780775178003
1.2809035454896465
1.2815994142737512
1.2819211890916344
1.2826970304848784
1.2833351668858193
1.2835444372514053
1.2836223718623652
1.2859720750720327
1.288452255825853
1.2890178827108694
1.2924905983243697
1.2927367191963617
1.2932504458814393
1.294238509166674
1.2944072987760844
1.2954218031539075
1.2957008559879586
1.2960471729999552
1.297661334036043
1.2994810112610333
1.299541521735452
1.3030845779583942
1.3054975749218252
1.3075972637522049
1.3097406652137245
1.3099197911792653
1.310807304004443
1.3127952563120504
1.3130217671627
1.3144855956904675
1.3148263178052872
1.3153054498933776
1.317001964457497
1.3187796890950052
1.320718247630782
1.3210871021909008
1.3216749827617593
1.3225115484633538
1.3234264666128976
1.324626298222446
1.3260691025560831
1.326589779035893
1.327264112843089
1.3337791322134593
1.341107215017578
1.3471724029245882
1.3476328108961393
1.3487655527249771
1.3496939162455182
1.3519974683441003
1.35261029828522
1.3529507389567672
1.3544856861434778
1.3552853844843873
1.3572846641557126
1.3664219230287247
1.3984949534067255
1.4000760568711115
1.405421978819277
1.4070129332760495
1.4075879084130885
1.4157329301250938
1.4182145895234062
1.4198010282520335
1.420008346902141
1.4210913982332094
1.4212934080404234
1.4213203829814334
1.421553791604867
1.422884141119647
1.4229550725233289
1.42341436675274
1.4242403796625178
1.424348134995318
1.4299767949345934
1.4325179157802332
1.4340828785636688
1.4344518846672556
1.4352574469507284
1.4359523489468125
1.4363290467441951
1.43895174983779
1.439364946026198
1.439941385871409
1.4400300648630313
1.4408605519660722
1.4445182646895647
1.447207585698869
1.4474734918244363
1.449206477578703
1.4494149063324449
1.449857921639334
1.450605720056033
1.4510598557222536
1.4515475307682404
1.451624378907785
1.4518837953406798
1.4524619295262295
1.4535360255353456
1.4541171535172852
1.4548745909288718
1.4561248310146342
1.456354136631598
1.4566794998384143
1.4569240804900183
1.4594865798379817
1.4669292202872521
1.4689394964752864
1.471148440883528
1.4714525163530088
1.473638616725417
1.4753217793809614
1.477069413664404
1.4806101118232673
1.4860402952356146
1.4861025167002908
1.488763574547776
1.490762193845485
1.4975114154065035
1.5266608429138175
1.5315209906646445
1.5359809974724068
1.5383558392918393
1.538958360339166
1.540587621946404
1.544670930792017
1.5459838206896614
1.5467191406571374
1.5474334828246878
1.5503454605564964
1.553495378953074
1.553501576678759
1.557856134238629
1.5588895268608953
1.5661598155792975
1.5699921011474336
2.1106595098510885
2.111275742812367
2.118524842364684
2.1217998224516412
2.1459296656135627
2.1462237752760793
2.1611309107047685
2.161171589814579
2.1658698631307916
2.176856600145855
2.1795012065870627
2.213798182149226
2.2285880876374726
2.254138788165699
2.2544877707503943
2.260703024815409
2.2699087210190974
2.2699582665109266
2.275214706040632
2.283292858922206
2.2858047065499263
2.288845935939831
2.2927855630403187
2.293331785097821
2.2936524672852783
2.293734472069036
2.2940242284554544
2.2944498522414616
2.2963934752310475
2.2968434640409514
2.2973640978433423
2.297828107949744
2.299820210833944
2.3007074619546093
2.302188956781478
2.3056124031857315
2.308325030079353
2.3087880511994894
2.310152688191095
2.3110426323652935
2.312557748743263
2.313241758758456
2.3153164114194755
2.3159549903664485
2.3174843322508933
2.3176983510265425
2.3180559103972165
2.3180749972062404
2.3199830764434863
2.320214890088436
2.321190279722794
2.3243854566449493
2.3305597328292955
2.3310766147807587
2.3327985980881927
2.3371769943790492
2.3377115711145864
2.3380705900783294
2.3383504164770783
2.338531635217002
2.3386367414066056
2.341009014380025
2.3415032766633592
2.342030199679358
2.345221569884155
2.3526279759327053
2.3538491806444384
2.3746528071459863
2.3753043662373687
2.3803206628528772
2.3909452808255467
2.406810719125921
2.419447369827765
2.4779920869105294
2.4793252088578885
2.4861130617203293
2.5059207036239166
2.512868725414369
2.5138617049738583
2.5153912470928397
2.5235881671571287
2.529304457542316
2.5426429415586016
2.6184223753321136
2.634923976943386
2.6601471405608565
2.6747764497836366
2.7383055239551424
2.7530532341034837
