4.988065680707476
5.056450932714882
5.346390307397451
5.443918031489848
5.777683726329377
5.780502526022254
5.785890081523634
5.788272394472686
5.831109930016405
5.833356540899389
5.839093585654873
5.8411990646279754
5.854117774774344
5.857218240812706
5.862846335025026
5.865436852432731
5.875897687362885
5.8874394485439145
5.889769611103818
5.895748883536019
5.897985592236092
5.908994851307822
5.921690512123052
5.925241970333852
5.928223964579587
5.9315550044567305
5.934220309018202
5.936780914787091
5.937685389127014
5.939140651746463
5.940050185730695
5.941659787818423
5.9422906435981195
5.9423779512160975
5.942963464854576
5.943224825129956
5.943269813137222
5.944855826797739
5.945677429021186
5.946382615700183
5.946437598457679
5.947772205689359
5.948921489833664
5.9490730283113145
5.949909211491979
5.950105192874721
5.950824073817934
5.950924782279142
5.952261861282925
5.952380093296271
5.952650234589394
5.952703473051106
5.952887811011895
5.953389702748328
5.953612222426124
5.953875732227796
5.953879711402385
5.954888488579285
5.954919344735962
5.955449433562126
5.955558789793553
5.955837648561825
5.955925266665746
5.956413441519562
5.956806162032241
5.957609447883418
5.957788469031333
5.958041888520688
5.958420755567035
5.958749725971656
5.959354307985326
5.9593747526647185
5.961310666627348
5.961523685280742
5.96159268891065
5.962244219687176
5.962490938383276
5.962497145376297
5.962510766458947
5.9630986853676875
5.964351250483926
5.964675284562471
5.965017855812977
5.965224247078895
5.965660226336813
5.966362676073119
5.966618697097803
5.968240938121483
5.968899847690567
5.969206714259354
5.969316574224111
5.970691663597659
5.971239557672605
5.972648381772871
5.972843189803767
5.974087852581452
5.974822850004474
5.976425738329278
5.976680008184703
5.977517229393179
5.979763778220877
5.9805204506545016
5.9808787145073135
5.981580207422242
5.9825353102804275
5.983271163416168
5.9850544458160355
5.986258379119459
5.988561094228279
5.989346127622629
5.989558115589478
5.990866398107247
5.990922079452382
5.991321768904158
5.991926608836371
5.993224338529424
5.9946989358647915
5.994709301403864
5.994993404287498
5.9960961215198685
5.997267835854797
5.997385443101266
5.998038882427047
5.999207044951033
5.999671860993265
5.999889057805438
6.000112687395121
6.001765056670917
6.004571568672077
6.004586574434402
6.005060145182585
6.005939946064489
6.006620603601237
6.007488472895652
6.007993194006227
6.010582301558524
6.010592343856613
6.010647033341588
6.012276558778523
6.013161083714282
6.013536741770705
6.014844028786138
6.016158010221262
6.016386464783237
6.016779789938249
6.017464102834036
6.017550605728896
6.01788613737001
6.018136640337152
6.021771613511994
6.022280814084968
6.02749378432452
6.027773102509536
6.02795073629798
6.032573792169836
6.035374848514263
6.040546709670546
6.041253854250322
6.042857050506059
6.043037206633035
6.043581790014277
6.0459083634184205
6.053649326890523
6.059338096115378
6.064577687424066
6.076366220886604
6.846418140346111
6.846759651607322
6.847876452088968
6.848218812170127
6.891841442257466
6.89299408846606
6.904911788808834
6.921413540050636
6.924826097924658
6.928644955395136
6.936354439476549
6.9451065386453426
6.945168741321335
6.949749290620805
6.959868255961599
6.965224340445736
6.971910320344026
6.974004929394517
7.030752117952518
7.657619548262489
7.65803423550646
7.676852658297045
7.677658223127367
7.6786214823259495
7.679752383162693
7.6856879243867
7.686301975964475
7.6867854099882
7.687053022128298
7.687851102835814
7.687979285791267
7.688097783592968
7.689474757444917
7.69067786416889
7.697131025781843
7.6973929271688535
7.698086073997666
7.6990039150062115
7.700175891915347
7.701308257881716
7.70249470353875
7.707029199139538
7.70728064164964
7.707612808128972
7.707669822499771
7.707706052684498
7.708776103238175
7.708835444619669
7.70889421727406
7.7089322479989075
7.709534272808449
7.710558545629808
7.712354823588629
7.713570312225538
7.715090958142354
7.71673781330985
7.717046235564963
7.717217806027412
7.717970227824684
7.718948206465367
7.720208846196568
7.720552587065378
7.7205848476692465
7.721613841113855
7.722117061597393
7.722754589949016
7.723833008072894
7.7239979260289475
7.724140051116966
7.724149793136317
7.725269231862292
7.725289860326532
7.725940508782559
7.726384098848546
7.72705138572155
7.727248177833636
7.727793257716052
7.728235444519126
7.729029554480346
7.729077674905847
7.7294929692621155
7.72993146456571
7.7313512376900295
7.732801453701787
7.733286725612224
7.734679973421092
7.736149092696773
7.7369133255818925
7.737006521075969
7.7375781925073355
7.737681064886106
7.7380927302251195
7.738521359550497
7.7389722259142255
7.7392001627056475
7.739606232840677
7.739699142278506
7.7402470289179295
7.741439834417592
7.741594775532399
7.742667296600372
7.743187442713083
7.744371692779744
7.744546469977374
7.7446416690103055
7.744970414777359
7.746301929703825
7.747068516395824
7.747339356637952
7.749291178673778
7.7493750555685725
7.750114395961817
7.750608410745285
7.750618491323814
7.750737964738289
7.750995574567169
7.7511426435875235
7.751392627627495
7.751590171725767
7.752299843718943
7.752367039389466
7.752368397876337
7.7525542674752925
7.7525636634336745
7.75273817753002
7.752857341248394
7.753018076468611
7.753141977482716
7.753384397693181
7.753610926091676
7.754229649510669
7.754404949062121
7.756121421940416
7.756161997888912
7.756337264358191
7.7564841521848065
7.758663201595099
7.759974566979341
7.760578204663868
7.760775048412129
7.7614241158984205
7.762591841595766
7.762911397497617
7.763100872180136
7.763524014697848
7.764077686896622
7.764272298963257
7.764328196696956
7.765664366213791
7.766410460807813
7.7671096446676176
7.768623004344484
7.769034483231257
7.769828893336904
7.77026645341459
7.770978150607081
7.771505478517796
7.772339851817887
7.77351625398587
7.774483628187716
7.774619764974365
7.774757422455678
7.7747797447481775
7.775228580219019
7.775576625997766
7.7763468055153515
7.776401790779319
7.776864527376608
7.777553684070998
7.777703514829892
7.777740267609964
7.779824065842459
7.7801740999217825
7.781211443182975
7.781883066784685
7.782241896834831
7.782599806824452
7.782642098822263
7.782859063904173
7.783915819279778
7.7841704935523754
7.784677962164426
7.784749513728146
7.78619913814896
7.7862078140956195
7.786656955438921
7.78755782979186
7.788129714669303
7.788789472724619
7.789301133015436
7.789573086716402
7.789842129623074
7.790006565468542
7.791230922391235
7.791549349832782
7.792250968107654
7.792574161384572
7.79460648967362
7.794872406808311
7.795668211162148
7.7959493279708685
7.796475608926644
7.79938663028002
7.799530707340339
7.800504047734401
7.800656514772938
7.800822968965751
7.801433412187257
7.8022488827568575
7.802426578133601
7.802689966193964
7.803077558351407
7.803398999054318
7.803680468235569
7.804110047942176
7.80447447386637
7.80543042509746
7.805842099081402
7.80720136432288
7.809442692746861
7.811671061962925
7.811942416944431
7.812093023110187
7.812158833821851
7.81289390375515
7.813676790151991
7.815129956968895
7.815230623867472
7.815372828756717
7.816279688990658
7.816808896437916
7.8179197871721495
7.819129176812138
7.8202131820137275
7.8218431965834245
7.823616619275317
7.825048861036606
7.826512375019396
7.826614051524075
7.8281038175336395
7.830494253154907
7.830654725748419
7.83134339598743
7.831448171565294
7.833165081441864
7.835822861176157
7.8384851385272
7.841073389380464
7.841814435310906
7.842307784723814
7.842633252789802
7.842779304650526
7.843178080707341
7.843278928467763
7.843396980856978
7.843580100043833
7.843747481951482
7.845838851478356
7.8468288974026
7.847979980315425
7.852416898275332
7.852573184873597
7.853452850329687
7.854546195763096
7.854786086646669
7.85513588768509
7.855141106050853
7.8568850811741076
7.857665717664728
7.8583530767702525
7.859043748490822
7.859936687638834
7.8626183466273325
7.863340107078074
7.864887748106171
7.865348918770943
7.865620747460801
7.866345839265449
7.867779105480608
7.869344027889024
7.869345114771443
7.869469617212455
7.870009547281219
7.871938933809192
7.872025656797768
7.873036252872851
7.8732201825619565
7.876605213547589
7.879918691149716
7.879999451813377
7.881254442407427
7.881335761416311
7.883165202130124
7.8831937444043145
7.883954364960329
7.884686027653849
7.884785634322105
7.889818154638268
7.890659474029032
7.891262729886171
7.893001214124926
7.8943353040451445
7.897788210444055
7.897859777385578
7.899273830012585
7.900093868543125
7.904420499518385
7.9046270716434455
7.90504256876396
7.905043310542421
7.908664559544458
7.910801858643816
7.911096881008906
7.911492381065853
7.917443170555939
7.917886399396537
7.924720327706211
7.928371451716099
7.929968670163222
7.930044175964695
7.931830330936105
7.936140868826747
7.937132696619953
7.9379828220246305
7.938017822466366
7.938620257990686
7.9387030070297175
7.9398239180059536
7.940624793389071
7.946540009258248
7.948351497989365
7.949667962211912
7.951561753490875
7.956881184434808
7.957424928633063
7.957761656809257
7.958144854335954
7.958911237970679
7.9594175215764285
7.961239741567399
7.9614795100286875
7.964648547453242
7.9662920745035315
7.967340063664265
7.968805434747846
7.970624977739331
7.972573201898525
7.974099003763754
7.975137908235161
7.975308871746457
7.975515601276396
7.9761613203719985
7.977645187025867
7.978624911759126
7.980740940738702
7.985222535104746
7.986949225362614
7.9881699798445975
7.988291581633437
7.991756914041293
7.993606351874482
7.996011241125458
7.999165321845927
7.999550575990468
7.999584183479475
8.000014925253131
8.002255642269187
8.010576773548035
8.011060813322326
8.020284611388083
8.024219633285506
8.125493020629786
8.195425114963557
8.24839548714753
8.249540976600176
8.305800109772823
8.31076485375829
8.320293128043314
8.323265079874188
8.329958163725966
8.33281574562174
8.334367749994286
8.343234899766836
8.346586685037952
8.350035336667005
8.356290780352323
8.359389092454311
8.362307852994329
8.364445368517035
8.368088773526324
8.36905861676555
8.369514815528797
8.370565358121832
8.372597539721255
8.376275819919107
8.380232914860782
8.384598368632988
8.387011853250515
8.387434409321054
8.393269502255603
8.393344499338616
8.394340437002493
8.394520392184544
8.394609479479815
8.394959904122913
8.394992309838285
8.395849131460505
8.397634273885968
8.397853033755927
8.399634588707194
8.402054810874361
8.40301037928119
8.405031567412793
8.406608919222903
8.406688474702708
8.407017555825052
8.408488737537196
8.41006490888591
8.410283624300806
8.410961944000034
8.41154735425978
8.413489190183537
8.414903822878006
8.416269777146479
8.416959123592466
8.417933302091384
8.418093046079
8.418544714166778
8.418616693513046
8.419365962252854
8.41988465686213
8.420148248677979
8.421663973416683
8.42289460663433
8.424502014753147
8.424641609616192
8.42470323838741
8.425750713971741
8.426645698877385
8.427495809974085
8.427562323362054
8.427700670821725
8.42784268912074
8.430315860290639
8.431018141323998
8.432715418158235
8.433401768725666
8.433515259713541
8.434867230717234
8.438935652677413
8.44016367389854
8.441347265565888
8.441938198435517
8.442236185647035
8.444690345353115
8.447091608593066
8.447550143615524
8.448628894214332
8.453529350237886
8.45446839262529
8.45455180020096
8.458482156311467
8.4594611866408
8.463703021063647
8.464952927358727
8.465920089278946
8.466075642227747
8.46679278975536
8.468463955461198
8.471644029867292
8.471706030260096
8.472462095033316
8.473562285187027
8.474157317207993
8.475027028073146
8.475706590885956
8.475916610391243
8.47751786894993
8.479741459827803
8.48018254909245
8.480780121595634
8.480981173934376
8.48107083865986
8.482013631749648
8.484568867066153
8.48616775849848
8.486557266821908
8.486911401835627
8.487799920937444
8.488102361161898
8.489131576630541
8.489597772810841
8.489965619528405
8.489999195561778
8.490892498295322
8.491390815753066
8.491719139540363
8.492028661982822
8.49308692117742
8.495092203836991
8.495194793588997
8.495209563092951
8.495886133369634
8.496058740859464
8.496722554339199
8.498326148918764
8.50058064781912
8.50076171094032
8.501684908874132
8.50176097192298
8.50208246574997
8.502425241072888
8.503975543571364
8.505179349075158
8.50646806557688
8.507518439484386
8.50785542624129
8.508674228613817
8.510793582596797
8.511197735297351
8.511241393647882
8.511880834707625
8.513321926701606
8.514905128711614
8.515575141229073
8.515743858323766
8.517633867046769
8.518157180491215
8.518996352342926
8.521998322764924
8.525002795022555
8.525759036105919
8.526908854015817
8.527571668005978
8.529269372368615
8.531286902836461
8.53139091573172
8.532565219926546
8.533147121536908
8.535508276566812
8.537584125368843
8.538989089214027
8.539229033475378
8.540061508156336
8.541551544781587
8.54212987379259
8.54355720809184
8.543593246610062
8.544939151592697
8.545836540310999
8.547162381273564
8.54794028703936
8.54794267474376
8.549361212854684
8.550316472225635
8.55070055555652
8.551214619867313
8.552715811376064
8.553694013478095
8.555715905493848
8.55630427704678
8.558980556086956
8.559423757689766
8.55948926438657
8.560318073818262
8.56122853390808
8.563381997113257
8.56494129139842
8.567858242760158
8.568013672101548
8.568200884877847
8.569731808967193
8.569881441260438
8.570397174889877
8.57132642178398
8.571886161109639
8.577982211886201
8.578259821239506
8.578267589259903
8.58016884409875
8.581224982241272
8.581353386558304
8.58316415868667
8.585915452655966
8.586255856109739
8.588311417019252
8.58856808742733
8.58930024981293
8.589399602904026
8.592585366494951
8.593161105691719
8.593602445636078
8.594135047821963
8.595062297995703
8.597555025995339
8.598859608460296
8.599277771903186
8.599926156916142
8.603081238272122
8.610459143597344
8.615794348872
8.616365790854344
8.62078750264958
8.62128675063076
8.622282934023135
8.625373814470944
8.627586652680401
8.628418874799713
8.633785784919342
8.635188099138505
8.636302316705093
8.641084314865873
8.641300279621618
8.645956318053212
8.647059106237068
8.654772325314143
8.656551794013412
8.65690102575717
8.662976784571523
8.665758674699559
8.669093249004485
8.676802152753455
8.677064089053017
8.677084768571655
8.678400195729811
8.698373739820498
8.702473085063643
8.708116393488753
8.709083042848205
