0.8972855688422136
1.6388598873090687
2.2299830510342646
2.3266683041871716
2.5878375882016162
2.614689940293846
2.615428141925088
2.6197312066653544
2.6391296710210974
2.6550599410313853
2.6554901984841286
2.675481854640279
2.684339293806822
2.6874729130623627
2.6896824995636655
2.695431690643268
2.725788254825699
2.727441737526582
3.8513577889951622
3.8564509095654245
3.8596735710786514
3.8626741175985226
3.8718571990852895
3.873531782753711
3.8747599816120215
3.877781454339056
3.886226512615227
3.9145625785764473
3.91988531294266
3.923063460654277
3.9252929754174226
3.9258886466667158
3.9288141768282947
3.929898105040524
3.9418857991330523
3.9432679365864582
3.9437564441399355
3.9442567617141715
3.9457691906453243
3.9460951905324033
3.949109423054081
4.2337606622737125
4.240697914532135
4.2514015857488
4.2558356064876435
4.2640974477323415
4.8299736177721035
4.835992395115764
4.86923576391075
4.873806996011955
4.905583883850504
4.992552795565297
5.020497820825337
5.093931979535832
5.154542636991423
5.155797161389972
5.175612467989434
5.177117778448666
5.1981472300540705
5.20947962689335
5.227725599508443
5.250246252552402
5.251823713624366
5.264886969333392
5.28720721846819
5.317137412043524
5.34396235863041
5.36306279911556
5.384809643639645
5.385153159808039
5.413920614214147
5.414730835374537
5.42359593353939
5.42595225916349
5.429894324238779
5.440247226197007
5.442786361482259
5.444373602892026
5.447683464764231
5.450662981578822
5.454860426671586
5.456210630801839
5.4651824957470145
5.473976761830581
5.47492804892806
5.478531044588541
5.485083986452828
5.489600088048643
5.495772278837792
5.50203048766434
5.5026731945129255
5.503207880958778
5.50449143426198
5.507789003307328
5.508336707850683
5.508714151866789
5.509558578390403
5.510296245683942
5.511040075916236
5.514146220343703
5.515545574023149
5.516245500002478
5.520498257790819
5.522067505023537
5.523605649324782
5.5271800194148
5.527474691295955
5.529134456001637
5.529410517996852
5.532179036225533
5.532955049034576
5.533633998649299
5.534627460526161
5.535747423039872
5.536865933080046
5.5379761959772935
5.538934428020387
5.539644772335512
5.540075510150229
5.540747576998314
5.542015822427336
5.543338284221038
5.54421891604413
5.544738767252148
5.545015014497037
5.545232107878516
5.545925234408702
5.546529180704957
5.547052757978658
5.552001484060429
5.553098197544326
5.5531039581206905
5.553632434883545
5.554527233197109
5.554596904408309
5.5556838069711265
5.5573477828488285
5.558391734625536
5.558628459632363
5.559891708204143
5.562814080034023
5.564456582684044
5.565309283309987
5.567895399857179
5.568079010740032
5.571646134268669
5.572338702609265
5.574789497278848
5.575561803065605
5.577075427886778
5.577604192236056
5.579056361872087
5.580402197009895
5.580524747564451
5.584183724366654
5.586185464184022
5.586913427268291
5.587294680928462
5.588017776805972
5.588165732509056
5.588295454087834
5.588412506711801
5.5900844144469355
5.590695200072422
5.591730664190451
5.592692279046996
5.593010869200906
5.59375291137976
5.594037475129091
5.594985410277639
5.59549142759785
5.597588247505755
5.597801152323815
5.599317194180024
5.600219228053784
5.601986329745388
5.602724733634962
5.603017643599269
5.6043263843749305
5.604991152252148
5.605993275997697
5.606024556205597
5.607672350251635
5.608343217765024
5.610395970668455
5.61149169234512
5.6116857709550585
5.61293305383817
5.613008610370893
5.614281350531223
5.614346018213132
5.6150040592681165
5.616735533549115
5.617261729568884
5.6183885656440635
5.6194406279127085
5.62005041277925
5.620329962385795
5.620359185954923
5.621579144432635
5.621712304358984
5.62195285987448
5.622044962421912
5.622581376918879
5.623168716741871
5.623387188751158
5.623589454111637
5.6243694307706615
5.624497702398993
5.625043921522645
5.626072497181831
5.626231435362608
5.627262705025517
5.628047042085679
5.628698668837035
5.629149385332338
5.629719318436869
5.630797013142413
5.630862849285433
5.630892967212404
5.6318514688524495
5.632535665107411
5.63288925814373
5.633130441669417
5.633700770953894
5.634919931465064
5.6353438025354015
5.635363509208231
5.636520580293743
5.636848345062416
5.637185651331794
5.637233890684233
5.637385085493756
5.637916195348061
5.638218519618626
5.638924152475748
5.6392101330318845
5.639718597445781
5.639938428627063
5.640153940067413
5.640821598223284
5.641726293144602
5.642862579120749
5.643250184989111
5.643251065424202
5.643808306580864
5.64419697248605
5.6449385301022525
5.645531217200694
5.6457380076383314
5.645940771513432
5.647483258522613
5.6475381737750645
5.647970342416279
5.648176112966281
5.648209714024361
5.649215692468361
5.649454210810743
5.64956216282841
5.649767548446734
5.650257444812755
5.65154551544597
5.65194928757003
5.652259873516106
5.652403606110857
5.653643571936589
5.654837123261731
5.654915550419982
5.655295112952274
5.65572197373424
5.655870529215208
5.656794375350264
5.658417014768523
5.65923364222672
5.660234227964554
5.660621631162015
5.66140498687356
5.662948309677012
5.663004850684
5.663852074611506
5.664375044540394
5.664672135707686
5.665656902229721
5.665909254858246
5.665922284918751
5.667794437100466
5.6686577427435525
5.669309151464997
5.669838484662987
5.670352854687216
5.670369412259526
5.6707136166792065
5.670867566228631
5.671323901732617
5.6751878822229305
5.675467642339036
5.675749351023177
5.675956123609752
5.67616767585184
5.676261113380705
5.676295715683575
5.678734604031074
5.678982146083109
5.680531246468199
5.680987884563789
5.681678682325614
5.682317293073928
5.682579474770522
5.683000833430001
5.683234896709685
5.68328549459782
5.683402534398614
5.683442449220037
5.683643506671474
5.684041515593288
5.684286557224956
5.6851617969393695
5.6856879455654745
5.686137698190825
5.686140906139941
5.686182042004505
5.686815256453313
5.68721083817091
5.687524133249529
5.68824364840144
5.689501774120297
5.690291093231356
5.690932553898073
5.691182318266587
5.691830061376554
5.691880937254617
5.69252207195181
5.693206273393967
5.693252015077533
5.693643399528373
5.694394892491536
5.694507011064677
5.695424779467531
5.695702992555394
5.696996048881459
5.697200710658062
5.697950037097591
5.698537279332856
5.698895688853691
5.69938594680548
5.701694630377514
5.701873153446899
5.702157403191018
5.702161897850554
5.702546788979173
5.702764742247748
5.703667467391695
5.703872190209471
5.70388923867864
5.703932727746615
5.704202024455241
5.704453175526044
5.705053856355845
5.705272677746548
5.705329154060539
5.705411295002989
5.705928981274485
5.70685214430846
5.707332107957132
5.708043802579209
5.708072338002108
5.7086719730533755
5.708734468524701
5.7102353633420275
5.711044484822153
5.711565890806413
5.712227285074879
5.71227081162957
5.712287854434343
5.712542232117436
5.712913580897145
5.714116210020862
5.714350950507059
5.714392275001401
5.714707661413749
5.7147183187538175
5.714766630459944
5.714813601137698
5.715053174458165
5.715499372726709
5.717342527577572
5.718376489951237
5.718403026758158
5.719056175254214
5.719127375851987
5.719660706669846
5.719713430052916
5.719790917346868
5.72033897843994
5.720624538565786
5.721488359172412
5.72233878416739
5.722569346499343
5.722985598608814
5.723084445694576
5.723889836110157
5.724321812586562
5.724488129282857
5.724691539488756
5.725361759921361
5.725781446466364
5.7260222733201935
5.726528649197108
5.727172535753906
5.7272488621256885
5.728791419416682
5.729183215452267
5.7307952468502785
5.731421051621398
5.731678013830849
5.732081933799139
5.734097141224667
5.734649173409902
5.73495139678805
5.735318180630566
5.735480646385804
5.735812398595203
5.736288715829102
5.736303549298642
5.737752876391813
5.739124853487006
5.739444845182257
5.7394906050369014
5.739492673632632
5.740040348883261
5.740094513154211
5.740357331891417
5.7408935176631015
5.742245077088527
5.742769993941056
5.74301248881466
5.7436913341350735
5.743709590789635
5.7438451922466065
5.743921486850055
5.7440347032422965
5.744173539212509
5.744352283217342
5.744474499810502
5.744649021987993
5.745572801307158
5.745666754935415
5.745824270116349
5.745825740556814
5.7461913350423295
5.74640825346469
5.746596984426674
5.746738806591977
5.747264380785006
5.747265721412998
5.747434182782214
5.747599402570392
5.747609317009472
5.747763699671956
5.748247680658461
5.748416612892986
5.7484738411967085
5.748946493330453
5.749241882106084
5.749859617353348
5.749881471155821
5.750075151334902
5.750310284205454
5.750504668403074
5.7506612712415
5.751105622347929
5.751599017894661
5.752538284146968
5.752986630111147
5.7530409944792735
5.754261378717313
5.756890812074968
5.75715341119447
5.757287757571407
5.757320795252074
5.7592864420046
5.759932157133347
5.76096919389926
5.762012003519648
5.762118042453712
5.762479205075134
5.7628333950893476
5.763311009976317
5.763648088311939
5.763683919423667
5.764786602031145
5.764807805060315
5.765096967387257
5.765413009372987
5.765440438959928
5.765716220518128
5.765851861652541
5.766216755078578
5.76630191868725
5.766490155433722
5.769078160657841
5.769266019004522
5.769283933581849
5.7693466147328625
5.769728391394443
5.769833555402714
5.770178796114213
5.77119681992784
5.771394881800827
5.771516454464447
5.771958167715786
5.772320090175661
5.772809913205351
5.773692490114464
5.774667707212909
5.775950106973085
5.776103662961703
5.776159332127136
5.77706947188864
5.777400913025157
5.777786396704002
5.7779085598615945
5.778152491538636
5.779126916641487
5.779288078428471
5.7793212351842165
5.779447125822763
5.780720141625232
5.781016384626066
5.782083549887129
5.782683412754671
5.7834150362673995
5.783914994447268
5.7851262349925525
5.785977217106553
5.786022075085286
5.786208020377924
5.786296067223922
5.786457004916852
5.787107579286732
5.78723787628878
5.787574640594938
5.787909581541029
5.788335155221125
5.78923078280789
5.79034811793489
5.7916798853012725
5.793501257920966
5.794114096441619
5.794243461087185
5.794591498614394
5.794653725664969
5.794841982165086
5.794863390076103
5.794934604933848
5.794980902129938
5.795768653473354
5.795826221197978
5.795948764349559
5.795965092546566
5.796149919675971
5.796199360136599
5.796546911755375
5.797890629761919
5.798746071406419
5.798806011845417
5.800066808422693
5.800333601849918
5.800458826615572
5.802347978272279
5.8028400703311664
5.803830435384228
5.804176904829751
5.804372666637559
5.804411528649281
5.804625532485272
5.80570667997607
5.805893156232264
5.805918986829257
5.806064700990716
5.806199113111083
5.806356861474307
5.8065727932698366
5.806724615166012
5.806807685457529
5.8070429958824015
5.8079128091968295
5.808184115769465
5.808845155372297
5.808977580575862
5.809119572444398
5.809378267983737
5.809378414081545
5.8094026321494905
5.809649126190683
5.810048623080552
5.810225139500737
5.810360624339483
5.810756830371918
5.8108559379802305
5.810891641884909
5.811101456032049
5.811636784908216
5.812046182836904
5.813267449646906
5.813324547663484
5.814397440022017
5.814822611092242
5.814918028814512
5.81495670466137
5.8153024221266945
5.815652692054844
5.815888140584594
5.816514614328531
5.817213217729685
5.817304509451997
5.817811567376081
5.818559199412071
5.818757522442616
5.818801260338293
5.818843201360812
5.81924874915337
5.819792518295305
5.820467282656384
5.820706901879171
5.820905478744252
5.820976783100627
5.821102574864982
5.821552436626453
5.822774171392368
5.823010554570003
5.8238875476095835
5.8253198462635245
5.825942204034224
5.826413773898385
5.826513760031731
5.827084380605775
5.827672484618502
5.828071082963312
5.828093528887865
5.829075249860886
5.8292566770207905
5.829617299057239
5.830035765602536
5.830088300676652
5.830117619481156
5.830544774534063
5.830917757163021
5.831022550495169
5.8315728366555915
5.83228046975795
5.832307153172876
5.832608032186472
5.83269126277733
5.832792290833112
5.834431791923039
5.8344387869812415
5.834779467896554
5.835666565334478
5.8356911974267
5.836104953184405
5.836322382488883
5.836453463357301
5.836875267744682
5.837296082196415
5.837365458147436
5.837603558189437
5.837691836625276
5.837787304448832
5.837979580434944
5.838047184579566
5.83828391620906
5.83865922505784
5.8386817879942985
5.8388844003700004
5.8391589350517705
5.839478569187043
5.839498386440515
5.839741231321251
5.839978263633565
5.840291391165689
5.840402792854748
5.84063154857979
5.841060420790436
5.841701572543329
5.841789916436878
5.84180368794633
5.841818765712068
5.841915354777612
5.841917281747589
5.842212107350366
5.842337912456638
5.8423719242443
5.842691644676542
5.843216770955992
5.84347133610001
5.843850989936246
5.844025391716023
5.844471341024948
5.8451615799548655
5.845480861784887
5.845641602204647
5.845808456450045
5.846441297995746
5.8466089890304636
5.847280219888482
5.847289974328102
5.847703253473124
5.84778629094281
5.848138951339046
5.848149242233999
5.848209933264916
5.848225493449277
5.848597146152042
5.848820123458775
5.84900464332114
5.849241408835772
5.84957750659433
5.849694357958528
5.850614696305662
5.850666471061729
5.851227752947002
5.851314840917065
5.851665718209757
5.851917614144479
5.851920161007988
5.8520151430360645
5.852522179295167
5.852632216842889
5.852699720049852
5.852855409069625
5.852900132574973
5.852905896992601
5.853071173522129
5.8531952548775585
5.853260286577036
5.853275594098961
5.85333572756503
5.8533650295211235
5.853529708198075
5.853545136519193
5.853685754022617
5.853706966194875
5.85382928731095
5.853926364894024
5.854588970160332
5.854654835941243
5.85474588699355
5.85489597636134
5.854981233443205
5.855254803542996
5.855487749197035
5.855511442329552
5.856241156850108
5.856536948344138
5.856695271070857
5.857075114018454
5.85726585459135
5.857302154408117
5.857372472558242
5.85748974913724
5.857735443001113
5.857778001165777
5.857912010598578
5.858972626757041
5.859114304408115
5.8603134026247785
5.860715509942
5.861491121543296
5.8618278285591785
5.861889996443747
5.862023740385696
5.86208585349804
5.862361032802308
5.862521211480038
5.862609395411157
5.862914358348799
5.863899385924475
5.864139225417518
5.864381322571403
5.86444184298523
5.864507212770188
5.864644281740086
5.8646868797263965
5.864937200107128
5.864948534376911
5.865223437532519
5.8654567627953185
5.865761387704453
5.866063074107815
5.8662773277522104
5.8667208021942265
5.867027756107049
5.867163005674057
5.868489948496301
5.8691083153630235
5.869263957991274
5.869285288108969
5.869930787128834
5.870851286399419
5.870977538736696
5.873648419663735
5.873959607511353
5.874308372002275
5.874720898176973
5.874733741914796
5.874795384594938
5.874950301084935
5.875583576313567
5.875792425809399
5.876292313529928
5.876347911112514
5.876755255371296
5.877912256010507
5.877974269574252
5.8787166561455955
5.8789098540377545
5.878967933342402
5.878978039688013
5.879354428107855
5.880674399236423
5.881061810918106
5.8810676650413605
5.881321924021307
5.8814667553735935
5.881813446516551
5.882665019322857
5.885933085616324
5.886842872082574
5.887342467116007
5.887696249631225
5.888313219275681
5.888339065910351
5.889221015036857
5.8898786073802345
5.890495133242246
5.89173287261949
5.894323879585317
5.896401042764618
5.896728360990685
5.896943115628339
5.898110305806487
5.898917132841279
5.900897004347553
5.9010624351866845
5.901463618464937
5.901677215784465
5.902472966122958
5.90307842754645
5.9031369322645935
5.903756959042625
5.903841821403764
5.909139403920461
5.90991931719777
5.9103153782111555
5.910434417131304
5.9115554823416705
5.91206415606814
5.912572773619568
5.912738274786337
5.912965544187008
5.913397973711902
5.91351681438536
5.913742478367622
5.916601959725447
5.922470195321473
5.92413064603348
5.925131835954726
5.9258047687301945
5.926504474820961
5.927980557367008
5.929444983077884
5.931347695977393
5.931865048799143
5.936192268056221
5.939717084291558
5.944005876924794
5.946296978995196
5.946757079650337
5.949847432407626
5.951797813646471
5.953450122278386
5.959528882749177
5.96530670130564
5.967180988029816
5.968149835060187
5.9749172705789055
5.980252279941686
5.98081832849018
5.981143365100985
5.9855522033395046
5.994637529969116
5.994802399486017
5.995033838032568
5.995134126402468
5.9957773442277595
5.996802966596861
5.997693925905523
5.99794858126004
5.999359066194317
6.005084918756491
6.008225384308855
6.010382056318049
6.011277407160179
6.016764932494183
6.017661375881355
6.01796715149138
6.0229785336271675
6.024200052198616
6.0250359281058445
6.0258189025245885
6.026328727809951
6.026980279146183
6.027020944438213
6.028031172420699
6.028112904758195
6.029071367439673
6.030053010961867
6.031245275667784
6.031424823282584
6.0324362500132915
6.032785031530848
6.03293774331362
6.034023281261124
6.034591759679176
6.034616239230819
6.036072821083937
6.042213456832472
6.044324109436881
6.04513347685397
6.045998166347681
6.046313707038841
6.047820712728214
6.047917125905458
6.04803532291304
6.049084892340485
6.0492504037010075
6.05549530193207
6.056168994245449
6.056229876345168
6.056884602868308
6.058929073574173
6.05992785988924
6.063328113337785
6.063492583065598
6.071643383379953
6.072606406861162
6.07332709213908
6.0750623681294975
6.076061038978963
6.076445048552306
6.076721476761593
6.07795323303795
6.080361420388491
6.084495814953407
6.098196778502068
6.102387819676573
6.1030082403494985
6.108878616443828
6.113568761023195
6.122131706486578
6.129689021326171
6.139835053392195
6.161277738633359
6.162538997506167
6.1704372646681716
6.171007936804938
6.181963476948744
6.189708819740844
6.203194445666676
6.203840435954235
6.206191293577574
6.21226199573208
6.230703782871947
6.231999856309542
6.256180127471609
6.256601522395316
6.259708534957125
6.271539807437101
6.272173909168241
6.273035679455187
6.2731865399086075
6.296513634295458
6.298933817201272
6.510227626901391
6.512657649962127
6.697805390827668
6.814096069964179
6.822846759894968
6.826931304328371
6.828022962261658
6.832508158600043
6.832726041010893
6.838321169257458
6.841623663336282
6.841830950090676
6.8422980564056495
6.847165655751588
6.847291882994856
6.84818005987178
6.855151494979596
6.855281266922827
6.8559456688073634
6.858597458271211
6.860698944617146
6.863432137772854
6.865091221467399
6.865107061592434
6.872497391489037
6.874023597800045
6.877299840617944
6.8833539335540666
6.886859630809759
6.886881549956052
6.887062998155979
6.897119134541192
6.898148879748453
6.901459286485378
6.904684125992433
6.913647389218239
6.916285439072721
6.918467280043651
6.926423163759481
6.931922412012131
6.93330079881004
6.9401288564398325
6.942016959816858
6.946371913371942
6.946595547225239
6.949316159478567
6.952611228812993
6.954382775794812
6.956747157599392
6.9573236494542865
6.961234523167439
6.962777806661838
6.963835400075347
6.969063485360499
6.981379690080031
6.985697755735024
6.990209697142626
6.995781669356797
6.996815404032162
7.017746959894407
7.050729537788687
7.059766982230223
7.066537606689605
7.06899503060772
7.070143288056867
7.072229482141817
7.073366005918381
7.078407492251738
7.080906314310114
7.083723463288682
7.084083343756638
7.087396559233416
7.089922411482794
7.0918675957159145
7.092533449412963
7.092695346028304
7.094101743224096
7.096046854744326
7.096350434408269
7.102789411637172
7.103638946026694
7.104750088000091
7.105317653077197
7.105618346475231
7.105751908456282
7.1062918273156495
7.106907455329398
7.107249201188686
7.107537267565909
7.1076396109439965
7.108569936512407
7.108760844614547
7.111103695106028
7.113627522637212
7.1149803033537085
7.116473440916294
7.117061262889562
7.118042894705444
7.118504397840986
7.118619718987539
7.119433565482386
7.120173555086761
7.12104416880219
7.1211580909172865
7.1214813066465235
7.122438013846746
7.123531198460594
7.125020848602117
7.126767470091523
7.126910942181604
7.127709407858822
7.131941966185171
7.134045568264799
7.135160361942267
7.138442791254422
7.140992221385372
7.141686827468689
7.159219868898946
7.170940688794883
7.205605915059873
7.212242598929906
7.212356814585768
7.212841372055597
7.213998252535165
7.214330621378432
7.2220881228020195
7.222146096017084
7.222225904675787
7.22532867140344
7.2265863700619635
7.231306041481658
7.234596952798821
7.2349162153248585
7.253784547543886
7.269370360432273
7.271783143500091
7.272764356561398
7.273337292857805
7.278814221498052
7.287224717014405
7.2915378334690715
7.292933741350568
7.2980523035622875
7.29940353026559
7.300759726376818
7.30134285052628
7.305733060610215
7.306091364933197
7.30725872325369
7.309382007510416
7.3102925303987245
7.314650472729283
7.315832511398218
7.31595632489121
7.31795565617992
7.320385728698711
7.321297762696288
7.321376772399745
7.324121934921057
7.32782894739388
7.33595760250458
7.337949630281747
7.340699915025223
7.345597009642315
7.346983953162565
7.353369648862335
7.360479696693907
7.393225728232194
7.394463420784085
7.413906906033979
7.418358470339364
7.423463827615422
7.423497322859137
7.425548248488198
7.42599732080009
7.428104782458294
7.4304234302255185
7.430762351946158
7.434314623655623
7.434903134364549
7.435717475333119
7.43794487801988
7.438955365361593
7.439991324611789
7.44498348655591
7.450352038627379
7.450512184498809
7.453940062285597
7.45798633903449
7.458584064545186
7.4586226541076845
7.459522428527744
7.460909026920626
7.463902670937326
7.464041635510502
7.464724796787979
7.465542000453485
7.466886358305007
7.46758966300553
7.4701308171465755
7.472653198257399
7.472681791142753
7.47276115731962
7.474210306803529
7.476379211475405
7.4777203890560155
7.477747961843657
7.47957118962873
7.481264553732391
7.481456851910954
7.482304275796127
7.482893271776295
7.4831341996182905
7.484838289439711
7.48693058321529
7.487742670595322
7.488189405994556
7.489432394210695
7.489578409951276
7.489982038145585
7.490428590196801
7.491415838669072
7.493127162046277
7.495075629084338
7.495332680163485
7.496025784329852
7.496399526464847
7.497918255534458
7.498002866479881
7.498655301819041
7.498892039790712
7.501385058185331
7.502839076779055
7.502999343038257
7.505123204060551
7.505155073457322
7.505470813530799
7.5058509864299445
7.507889175157885
7.508217151858028
7.510463433274003
7.510758141771281
7.511951282883389
7.51268730632925
7.513092426697139
7.514207873919878
7.514390158516879
7.515314134948106
7.515638616152527
7.517144876572058
7.517960080090877
7.518533991039886
7.518653384091459
7.518816157049979
7.519668266263497
7.519709288030306
7.520753015569452
7.521822607502257
7.521852450870804
7.522036490288533
7.522303855017727
7.5235593399885525
7.524024661059361
7.524399789000478
7.526152431062795
7.526169313037617
7.527236478667409
7.527549726005172
7.5276968743391155
7.528545380132246
7.529462084222933
7.529730341718693
7.5299765684038285
7.530806340763343
7.531148090517289
7.531256526718112
7.5314376932882245
7.531765295666267
7.531780687026239
7.5320837762354556
7.532502604524105
7.53262933338635
7.533254510624876
7.533890176805157
7.53405673749869
7.534188392659657
7.536995463102448
7.537213105756104
7.5384215870389095
7.538474966582805
7.5386752240840575
7.538735613736445
7.5388024122323705
7.538851386193213
7.539428120168253
7.539745263841279
7.5401237851260055
7.540786576510312
7.540960785173678
7.541007984917455
7.542324678498479
7.54236915647611
7.542578545405063
7.542769921970711
7.542944327344405
7.543758825186365
7.544106183033193
7.544168608637927
7.544433985213629
7.544453053248636
7.544599696095658
7.545167930790381
7.546772662283006
7.547140043441041
7.547462335895983
7.547625972565621
7.54782363645568
7.547832052315451
7.548336937742186
7.5485890766532
7.548770689552584
7.548876001624998
7.5515283925287555
7.551572303198205
7.552266050746348
7.552573470091888
7.55391181226262
7.554129870337179
7.55478880294243
7.555196915044434
7.555663557344738
7.555819514218653
7.556558078616549
7.557157463530124
7.5580049505420845
7.558221162385802
7.558527453957294
7.558897239355023
7.559572347457792
7.559734080158417
7.560061921316827
7.561369466688507
7.562803496010739
7.563013252694219
7.563691765193066
7.564408049157003
7.5656561068188175
7.566177236197692
7.56640006523524
7.56701885351786
7.568831350440459
7.56895277429194
7.569340870412374
7.571273197857687
7.571662277537198
7.572608352017663
7.572870135015878
7.57304851990841
7.573360138861387
7.573748913957837
7.574894086973107
7.574905854659721
7.576426022689393
7.576456450386976
7.576706317082523
7.5771233965159475
7.578304920329439
7.578703678907709
7.578754501278405
7.579935500602146
7.580108266765669
7.580593948920694
7.580721549640866
7.58092007423819
7.581272811766615
7.582196818494842
7.58309866838546
7.583752504527823
7.583794163586612
7.583966052986982
7.584002821549169
7.584184981114927
7.58450536153038
7.584924591314757
7.585260677363528
7.585287557182661
7.585766155819333
7.586854300782575
7.586922322842818
7.586931502589828
7.587001102189826
7.587170148376856
7.58738973067588
7.587487157270795
7.588221632760329
7.588507859545979
7.588943964494024
7.5890400807871945
7.59016317335675
7.590537779427313
7.590815530984148
7.590875903672315
7.591236921680744
7.592620323656692
7.592769816378268
7.593131151225696
7.593970623592966
7.596104443802947
7.596113992891175
7.59636616524594
7.596424203357924
7.596474391369842
7.597465859945812
7.59797362622267
7.59995865266546
7.600236816461492
7.600307294940094
7.601173333647057
7.601192928746354
7.601335839182553
7.601689518250082
7.601918913872154
7.602391032378274
7.603117215085915
7.603851964766913
7.605736625692903
7.606148567460386
7.6063193112309895
7.607155311005455
7.6082933701193
7.609525788414307
7.611022192471766
7.61287681467318
7.613196494633121
7.61381902658383
7.614349948994326
7.615121449361364
7.617498016115877
7.617546140852114
7.618133623534427
7.619131985933175
7.6195510635697925
7.619920370589698
7.620261790744088
7.620978474471433
7.621201006561337
7.6218468259478955
7.622271284618218
7.622568298166493
7.62296181002272
7.623404382616242
7.6244119892901505
7.624440651375613
7.6254586431538804
7.6254714419405865
7.626709253795798
7.627166604576597
7.627837582794764
7.6278515438332795
7.629296084538107
7.6296370525127655
7.629710171804439
7.6312694814271715
7.633245769553511
7.6334113471079155
7.633689453269575
7.634218027223073
7.635186364561854
7.6352831148656355
7.635684418605915
7.637445493688144
7.638979110662421
7.644287475868278
7.647712487369973
7.648022212874645
7.649365536998367
7.6522385861778695
7.656661242627828
7.656685009449566
7.6569249666648815
7.659231402433349
7.664934793878025
7.666265409423184
7.668572893751638
7.672662661689434
7.677815849598542
7.682184017405622
7.682375256719006
7.6826237762222105
7.682681652376164
7.690138079668741
7.690281453648919
7.690868907554465
7.6931556945703425
7.695486679516753
7.723075807688815
7.72652951000609
7.726718844027619
7.727817657557585
7.7311282501943595
7.731849136870307
7.732637008489057
7.7395530093689855
7.7426795941045405
7.747903711595624
7.7488258867854904
7.750094494451574
7.750506958898715
7.75562591463385
7.7579040915321995
7.762188283222979
7.762520898649716
7.765023129481331
7.766332249451507
7.792291593517341
7.808248486024466
7.814030854226486
7.818996332259743
7.825795881328212
7.844263343238442
7.844623896776158
7.8454674030905425
7.849235655077965
7.851584833233857
7.856067360455388
7.859718418313416
7.8599324988268435
7.861739109858881
7.862196267724459
7.870611465513565
7.8786153485358215
7.879754221493942
7.8881792141055
7.898331048873134
7.898577874422176
7.908185446826006
7.9214112467237925
7.928628213676602
7.929242341695084
7.930992083429327
7.934739660475677
7.936742465782962
7.939294702796747
7.944035628132797
7.944348014048056
7.951013450270071
7.951482676437967
7.952627517994063
7.957379151282301
7.95868067679859
7.965643675482143
7.972658685726477
7.979629611875836
7.980369655163377
7.984614886441268
8.008902509925475
8.015275932983299
8.024664946119596
8.030230742738397
8.032086886743759
8.036273871056896
8.038497299761191
8.039984023450577
8.0423866933036
8.044219387572053
8.047595357216665
8.055479479170273
8.057164181825051
8.065935582799185
8.068901741834004
8.07096171431325
8.08592183651864
8.08684788344444
8.08691009103292
8.08817455720215
8.10059449880984
8.139433424042059
8.140036407429985
8.145921832090474
8.150534682373003
8.151626464900646
8.157807836692962
8.159637499998535
8.16227884948891
8.162686459187746
8.16542662562547
8.168020048200209
8.17190641625935
8.173327986939919
8.177675283257303
8.180733029617015
8.185095617110141
8.189542727991324
8.20262051086443
8.210020771984079
8.219438901056932
8.222312898038819
8.223626426664428
8.223675702331443
8.22541734279076
8.227785168111016
8.237741370749495
8.240370225081024
8.241612550192444
8.242123985423376
8.246033241781735
8.248680125028029
8.251306291384095
8.253559557724527
8.268740529750017
8.274723703436301
8.28438164940293
8.287378232931548
8.301943351145782
8.317149869153138
8.317685274443868
8.323361744693077
8.330051628220142
8.331537540355217
8.332020906713469
8.340211086486836
8.344881482293367
8.361067394754732
8.371131122168856
8.37451254030929
8.37458127354627
8.374735069515655
8.416628323603776
8.41764847541594
8.418686301266339
8.432130949244252
8.4630025054869
8.463388609515654
8.467210598970848
8.476719670194704
8.48135752610595
8.484391248630526
8.488187667485318
8.505891614761873
8.513562085230836
8.513757754412563
8.516256789464201
8.520038019686456
8.520915675808524
8.522863893706228
8.523896283750004
8.525876272121177
8.534555200026304
8.536086931810013
8.541185522052972
8.543296465454432
8.545155121651272
8.547089292047799
8.55393341016833
8.556872632233711
8.576032221975792
8.603762247920832
8.607335164794437
8.611742707410558
8.614109747711321
8.625108700095883
8.63104092368364
8.633186412624958
8.653123486914488
8.69244660854452
8.69329261279267
8.706599112515066
8.710825015253127
8.71638613537368
8.727682079364195
8.732412438101747
8.741723960479534
8.744889335209692
8.746238483099246
8.757844784953651
8.763813290117366
8.785789539236392
8.792898627883629
8.794896200072643
8.803135561478243
8.855747085927206
8.860402566129759
8.864070167713402
8.873866226460919
8.875945681503756
8.890219193945125
8.909082202799995
8.912689552109704
8.921245987376299
8.940624455268495
9.030504451195549
9.033486069175474
9.108591941724775
9.11864553684374
9.122054276449925
9.125851663132279
9.13829986233147
9.142347258620665
9.162377897079063
9.182247877615271
9.182914561817075
9.185619768681798
9.190334635069894
9.198920651220533
9.216260454750989
9.223075453296786
9.224319501509795
9.226444605492715
9.228395945374379
9.264203381378163
9.294029821814261
9.30786028771254
9.320411487081751
9.332306168422765
9.334673252848162
9.340781407919016
9.343848886762585
9.347895886357911
9.352231995825484
9.360234525087698
9.379172640774167
9.405348101476239
9.412068266822848
9.525519377859714
9.568281092527457
