1.0414694913033442
1.0441674614331666
1.044248494396675
1.0482778068016956
1.0489723857028004
1.0528073824020108
1.0536436787355514
1.054709432074846
1.056202443901477
1.0572881220997226
1.058535334060605
1.059589590777146
1.0602819900667553
1.0620654599467245
1.062944297715588
1.0630341382533601
1.0640909800023084
1.064497232159188
1.066051090359228
1.0668181356952449
1.067536860240874
1.0677608356575317
1.0679841700613513
1.0684688226542234
1.073262781563823
1.073349616498393
1.0737794136203822
1.0748346875380794
1.0749334222068716
1.0752226470747734
1.0767132492676887
1.0778501100497406
1.0783559158004359
1.0795283848065986
1.0796326839222554
1.0803289931351356
1.0806260623858546
1.082072776865193
1.0822292726059428
1.0825627684080612
1.082875432076861
1.0835661109516779
1.085724331578271
1.0860361283622442
1.086102426666861
1.086789946237379
1.0874826545834138
1.0880536090707962
1.0889621975678905
1.090918426387805
1.0929264760386543
1.0937470284348854
1.0940330442139445
1.0956555016120977
1.0965354398381089
1.0981911296038491
1.098223477634924
1.099434611135617
1.0994536989374468
1.1020227030528866
1.1029202764194779
1.1050946843617124
1.1059347553625347
1.1060119770635897
1.108479640488252
1.108912901211442
1.109105293831796
1.109889425939553
1.112923091660301
1.113482987546778
1.113658217239514
1.115346651644178
1.1154282664621225
1.1158324899482468
1.1177946685566857
1.1179706802274
1.1179879641331243
1.1185272604603307
1.120023642757655
1.1253739984833806
1.1259941094384467
1.1288793352879192
1.129464396923907
1.1320028469987378
1.132466179675957
1.1353783022938297
1.136395722703933
1.1364878048963052
1.1367068508104898
1.1375684937535602
1.1380903062453356
1.139289655051203
1.139479670807861
1.1401288061366197
1.1419170130856149
1.1419693366319703
1.1419895168107481
1.1424889574732982
1.1429277777539166
1.1436219598064896
1.1438156690868353
1.14414174783943
1.1444743527316605
1.1451368573338887
1.1453182182235868
1.1471476811649763
1.147342651586639
1.148446263123332
1.1487153824953822
1.1488006827619215
1.1499000236713939
1.1504838335039471
1.151854509016429
1.1532624174049968
1.1551636135343846
1.155495971112692
1.156095611133244
1.156245313915815
1.1570200677906317
1.1579946591154147
1.1584917191541044
1.1585069320932166
1.159085838856668
1.1596740833758206
1.1601093416908248
1.1603860921186613
1.1604607296315723
1.1609273191022118
1.1610578211524274
1.1614819828002187
1.1622609551270509
1.162744795262149
1.1628476618773085
1.1635257525681613
1.1638670415914767
1.16517262637257
1.165549798378246
1.1667776658230418
1.1679328596210923
1.1695333144258642
1.169678800878739
1.171104200460523
1.1715085759798296
1.173254701417594
1.1735529515097591
1.1736039678137626
1.1737112900196593
1.1743707004304684
1.1743844679660023
1.1750860492198938
1.1758938783012152
1.1775066583972147
1.1775599145208562
1.1781565460356793
1.1781604646333972
1.178849142515912
1.178989509264587
1.1806180449511006
1.181452822874603
1.1817000668862838
1.1820144541754647
1.1820860618494162
1.1823434017514398
1.1823570045335725
1.1831419533037832
1.1831844793459627
1.1831959818204465
1.1837565757202964
1.18424680913012
1.1845663604828038
1.1873066843990063
1.188787844571581
1.1893653334037895
1.1894611506410318
1.1904287289717825
1.190554186255437
1.1911507545097098
1.19200989541248
1.1937059888585497
1.1937960051754166
1.1939857235159272
1.1955567241531904
1.1966625624975775
1.197755718517752
1.1993329030927382
1.1995735353661596
1.2001410966504786
1.2009314166923566
1.2019391833900175
1.2019498726586189
1.2024597152902556
1.2026046137490018
1.2028474673068912
1.2030394961591808
1.2049057881710967
1.2053429871568735
1.2063304832420398
1.2068501406106316
1.206898850281136
1.207842667023282
1.2081232551679615
1.2092493626717133
1.2096328241392367
1.2101154417618494
1.2104357041804166
1.210744718510013
1.2113276364445016
1.2114170217095117
1.2116724642415226
1.2123567260567405
1.2127847535464404
1.2148335334406628
1.2154831704866735
1.2160657355637012
1.2161734132994642
1.2163240837951654
1.2164190670327182
1.216637046903833
1.217072464780363
1.2173293989165617
1.2175453753977874
1.218564300009939
1.2222425388670706
1.2225603732943056
1.2229935900091355
1.2234106070421042
1.2236105310465022
1.2268268332684158
1.2270239004837442
1.2270456251992152
1.22785821442619
1.2281809953304277
1.2287055442830186
1.229138153497907
1.2292737594434868
1.2292916493954993
1.2309040156330404
1.2327715316911958
1.2332096918792192
1.2332335181342124
1.23330731487046
1.2334805379787153
1.233814530644904
1.2343532038732863
1.2352420764371281
1.235985002856303
1.2364629401471323
1.2370022820647726
1.237302857910244
1.238950548486981
1.2400373112105199
1.242432303438063
1.2433053353201684
1.2446186179838776
1.244716006576104
1.2466961113052868
1.247768686646699
1.2479684078945588
1.2482512922634892
1.249225529251703
1.2493235069789217
1.2500566029143214
1.25043516679758
1.2506963558987838
1.2512627348841263
1.2530682290057005
1.254586432910246
1.2549885387912239
1.2550798251125443
1.255662702208326
1.255740312032216
1.2574642300376966
1.2589675231437591
1.2591764452787713
1.2597627467936068
1.2597932347814103
1.26113762752047
1.263874218897468
1.2641107730893524
1.267151693986957
1.2700567847259459
1.271478067071851
1.2719683376545488
1.2766950325006483
1.2802429749932063
1.2828986633215342
1.2840360449760115
1.2890890273054993
1.2958636484876187
1.3014167709446718
1.3070507850866042
1.3115907345758413
1.31288921917736
1.323741323316619
1.367072801227327
1.3683140561756808
1.379860825734344
1.4211421882953448
1.4267392032138788
1.4296237650599977
1.4358832824817254
1.5033759924867445
1.510580615639566
1.5136898142777648
1.5164771454142898
1.51787889969108
1.5242418964622326
1.5255433433429244
1.5297817949335188
1.5320825810393757
1.5500435354098683
1.5509266017421985
1.5609979389151185
1.5679077731336002
1.571635980962254
1.572180801201176
1.5723429471070345
1.5728961035204965
1.6618090015937825
1.6685212940735594
1.6687309429046648
1.6714058559381697
1.683871306048206
1.7054282980587452
1.7082845202194976
1.7088624849490988
1.7093807036641302
1.7101290615524025
1.71040021027341
1.7127023778929102
1.7128420136233
1.7135796903509397
1.714161923311309
1.7178549794229279
1.7211257622642422
1.721731404756298
1.7217710028167499
1.7245750504789454
1.7265789582884314
1.7268811812648
1.7277683308854903
1.7286849292660509
1.7290407562440115
1.7290702437846424
1.729485695418849
1.7300845844146295
1.732598437478694
1.7326858974571275
1.7327831638389593
1.733055601375785
1.7335134375526586
1.7336752259893948
1.7354998614509052
1.7374240154217875
1.7395113818538102
1.7403047810783965
1.741239320983577
1.7426578491535134
1.7456589334069974
1.7460701873356026
1.7474902763508253
1.74824678725728
1.7484856798715531
1.7488813259745504
1.7512048618578175
1.7529090947391412
1.7533741295795138
1.7552066065382357
1.757319561119759
1.7597718169752368
1.760091574778066
1.761500039962812
1.7626358612587307
1.7628378248545427
1.762839778031188
1.765129535716268
1.7655113940508944
1.7672890953782063
1.7720850477537264
1.7734093989256972
1.7767610746378726
1.7768878523426508
1.7776896637905983
1.7794750228020582
1.780967765330566
1.7821332476080716
1.7836509275313375
1.7837222288606474
1.7837368246546113
1.7842820003819868
1.7849007112708424
1.78498184495412
1.785783265772286
1.7859009307496867
1.7863514558553146
1.7865850390766733
1.7867627687391847
1.7877979989947628
1.7879846715812748
1.7885976363618799
1.7889052691607663
1.7893325344972206
1.789751125799404
1.790159304404606
1.7902266293491478
1.7913845404186037
1.7916367655672212
1.7917007806802092
1.7919877659480985
1.792072286126905
1.7921436866936848
1.7927236593947062
1.792769908506255
1.7927745145611818
1.7933371131926892
1.793852202081538
1.7940119240071053
1.7951214854985735
1.7953057450674497
1.79597788920761
1.7964958077155786
1.7969856861045712
1.7973548673299162
1.7977493439479943
1.797760671108535
1.7979310341058585
1.7979328970766546
1.798193831174652
1.7982565405964668
1.7990650493744071
1.7998694775824347
1.8000124146815684
1.8005842676266532
1.8013043541830298
1.801571219603533
1.8032528593619466
1.8036197912811773
1.8037562219791978
1.8043365314923216
1.8044451202444893
1.8047283279461805
1.8072471543765412
1.8079971531637533
1.8085115293795757
1.8087279594126258
1.8089925370595137
1.809003028593608
1.809203088197053
1.8093617772085777
1.8095588719976745
1.8097814114630453
1.8113106862236337
1.8113444569402914
1.811434244728573
1.8115229585467272
1.8116936223754863
1.8119736485800506
1.8121032324576247
1.8121643312785234
1.8124337598112499
1.8129170361908982
1.8130571115757868
1.8141751219383133
1.8145809741919503
1.8156103197856281
1.8159140724104152
1.8168385780786358
1.817244969537002
1.8172980034765684
1.8173961359873474
1.8174203630374572
1.8182421798759651
1.8183767096171812
1.8190037924983746
1.8192792152058903
1.820024718397933
1.8205754640315062
1.8211209595731797
1.8212203606255437
1.8216345794919155
1.8227152987670205
1.8229972450534067
1.8232200566886247
1.8252585778879342
1.825580927833497
1.8262155675290308
1.8262356387578749
1.826429818946255
1.8265577342352446
1.8274694535604192
1.827826483028413
1.828087976691979
1.8282283889051918
1.8286758341798
1.828880516309339
1.8297535654477666
1.829860590815343
1.8304536120329302
1.8306386171073754
1.8309767090666578
1.83154246580416
1.8329370569044787
1.8335413739105977
1.8343943517426604
1.8345563584296922
1.834600382577619
1.8361135693102735
1.836257501329309
1.8396290781755429
1.840017327770386
1.8408671867798994
1.8423569368062722
1.8427027454251699
1.8430017982627325
1.8437628902362528
1.8438638788508979
1.8444875070889153
1.8450401196989052
1.8455760988829426
1.8460105307304733
1.8463846724575184
1.8470465028375285
1.8476026302373036
1.8486204889057472
1.8494048400765009
1.8494119902435704
1.8507257275884426
1.8519487071414051
1.8530883629063035
1.853722504559074
1.854238726829972
1.8542627271578775
1.8561476342030776
1.8570433196852583
1.857752851993743
1.8580359191332327
1.85866686707828
1.8601038170841677
1.8603651040270952
1.861217218141177
1.8616543542550974
1.8622522632436562
1.8623850425061719
1.8640079821463218
1.864013865506843
1.8641591133179234
1.8649772974989203
1.8655290148675807
1.8667405708642268
1.8686053555276854
1.868748150599532
1.869768745794
1.8698282368959793
1.87177060258973
1.8720945275322236
1.8726689293556977
1.874462062813048
1.8751145106931226
1.8762624319399221
1.8766509243751277
1.8772181469786033
1.878211313265668
1.8796492953770292
1.8804937086482831
1.8808703855376236
1.8809297845734585
1.8813534926545945
1.8814726227105436
1.8819656701495955
1.8820940211723691
1.8848838593537305
1.884986678966074
1.8853437300359157
1.8856000640363622
1.8856704661670565
1.8871092256987962
1.8881572513582232
1.8884699358102746
1.8885861365957732
1.8890533150087827
1.8893469987840354
1.8897302806350382
1.8900024705116363
1.8901680033824633
1.8902074997993883
1.8903313203577181
1.8907348784315288
1.8916001444395976
1.892658648513159
1.8927238765253809
1.8930767213215884
1.8935977180168675
1.8938012436419833
1.8941501418777644
1.894646835709928
1.8956480069724386
1.8972262599104242
1.8973384616025681
1.8982938388062363
1.8989302697055823
1.8998625451423776
1.9000760863914026
1.9002288669075011
1.9006711255239261
1.9016159591362731
1.9019638250889583
1.9027203182675976
1.9030238055929034
1.9035471138165736
1.9037728842703636
1.9060400144304748
1.9065859635936182
1.9068026479868592
1.9075779954300955
1.9088887325039525
1.909629601838229
1.9102149211480064
1.911808697124006
1.9124373321421275
1.913264646427352
1.914954606356157
1.915023143556261
1.9150730389113726
1.9153600790317638
1.915522843722774
1.916216760075332
1.9166710352279372
1.9176852284282984
1.9195838201666466
1.9206060636994242
1.9209708912131804
1.921454721143307
1.9229793963997623
1.924731027787627
1.926765665649191
1.9273033674971924
1.9294412760479924
1.9294984176862686
1.9300882626826148
1.9307003860733263
1.9336168846374264
1.9342178987422045
1.9343469913522877
1.9360986483130305
1.937627415399699
1.939052646476874
1.9401191244855764
1.9440075813701432
1.945004200794105
1.9451098071574775
1.9467438160711452
1.9467510947168174
1.947558351780998
1.9477587030104084
1.947959832597832
1.9481404360266992
1.9485641317164135
1.949336031715155
1.9502901175593208
1.951314083679034
1.9520685993051956
1.9522299246169121
1.95320584065956
1.9542539513256907
1.9548937558318413
1.9558877995499788
1.9611520197300465
1.9617784198248591
1.9619336940507328
1.9620488867227155
1.9640131417035975
1.9640162147691702
1.9649238118939805
1.9650585947494341
1.9780933557451015
1.9791188890456797
1.9806238774105407
1.9813371093384458
1.9816677179692297
1.9823741244000994
1.9838886829224591
1.9849440174101705
1.9851004088597803
1.9861070348118968
1.987608817448766
1.9886332449172912
1.9958347136365715
1.9968876818487904
1.9982522200339832
1.999323975219977
2.2646184443876423
2.2947539579129352
2.2990790875523817
2.299337082597205
2.3025671854503553
2.303520707936337
2.3035313770050845
2.307821148389764
2.312487164481309
2.313231861011468
2.313343260058291
2.316022259554333
2.316866064196126
2.3173031761792484
2.3183041697042994
2.3189865517721673
2.3212623965024646
2.321278020411685
2.323658095926297
2.3239264148455523
2.325993620828366
2.3272071896788495
2.327986338159273
2.3293309672208795
2.3316854653658123
2.331935104938149
2.333622369994711
2.3339338128921003
2.3339950484084664
2.3340040662166905
2.3340983447439543
2.334396381670913
2.3362743696815373
2.336297632276708
2.336504227217833
2.337202897438091
2.3392876183691476
2.3393533571568383
2.340416599781996
2.341495560133301
2.3420092964831567
2.3430185386940683
2.343873568041272
2.34397206910015
2.344244803247093
2.3444553962641383
2.3448611145070455
2.3467316157383666
2.346772320729992
2.3469731702993912
2.3471311891872757
2.347307473188866
2.348263525214558
2.3482656439108136
2.3495720029078804
2.3504436707356007
2.352149199013217
2.3527771368336476
2.353582378640104
2.3544226270862842
2.3554406903881167
2.357096403355179
2.357883044247772
2.357904647461131
2.3592786724183674
2.3646126547170043
2.3654963533925675
2.366457718074367
2.366802903984788
2.369677747258083
2.371107668967998
2.3714086995423824
2.371974998116145
2.377117471417107
2.382842234723909
2.3832987434751365
2.383365341984209
2.3839135269047778
2.7194928645429863
3.125055806161238
3.1750499679034196
3.177054243915681
3.1846255406848756
3.188369379017906
3.2260570931878108
3.2308225184740493
