1.041545311467321
1.041628420893588
1.0417045545544321
1.4096199430672678
1.4158214161487954
1.4165384647006352
1.4177585137430737
1.4228848216236947
1.4235538101865186
1.4265941283050712
1.4282897794470657
1.428828687191203
1.4305914532549955
1.4307393659552776
1.433215244487672
1.4352416455731802
1.4360773678344017
1.4380465379291787
1.4386329983413735
1.4388101211262065
1.4407774474386374
1.4416395685686434
1.441975453431262
1.4468442815205018
1.448414727027689
1.4487620190797208
1.4508039033487568
1.451051303763296
1.45157479938961
1.4557005187318108
1.4561054465752685
1.4570711795476152
1.4581880578795703
1.4587749202742968
1.4606021149265134
1.4614219706583806
1.4625645198493367
1.462804795107688
1.463740620609221
1.4650333020199233
1.4653488133121857
1.4657534331177475
1.4662874232269072
1.4684561462961172
1.468631429281024
1.4690981924773112
1.469527505447611
1.4698123938210639
1.4700187590603497
1.4706039230432928
1.470872948777986
1.472570959768711
1.4734359943183652
1.473935486548691
1.4747020846821124
1.4766058898086698
1.477151589032037
1.4771987961232826
1.4775322264066548
1.4782120510988523
1.478801904491036
1.4800338501411043
1.4804381481133855
1.481495219739071
1.4821457156963238
1.4822589643944601
1.482465061547692
1.4861239294879927
1.4865603568528307
1.4878693733289625
1.4913388686141598
1.4925523259473101
1.493649625391772
1.4940669562954219
1.4976680175419574
1.5012968123769357
1.5018489720293815
1.5034891245700304
1.505088548205798
1.5051885648623122
1.5108996466561402
1.5128482729989292
1.514772167091658
1.5167734924476763
1.5175305743026701
1.5179610899522264
1.5208362198946275
1.525739074503947
1.5324839390742595
1.533773915189185
1.5799172287618755
1.841708176741171
