1.5558649293458586
1.83763258292318
1.9098013379432366
1.914887255276684
1.9266879806545953
1.9306722237617653
1.9365290464114773
1.9498742860223763
1.9646117402281467
1.9906973908376493
1.9981842919734114
2.0248106939815997
2.071154641377531
2.0759889829523677
2.125378618102481
2.310771719155993
2.413822595971206
2.4163609139862796
2.462519609959238
2.527505306031354
2.5309614163009266
2.5310022598006983
2.536516657288786
2.5420402764924757
2.5451278248505336
2.55484251114246
2.5617667496735046
2.5678118121201163
2.5833379141617905
2.5978666329824627
2.627654852565868
2.629426639129088
2.629948912319522
2.759111879717073
2.781085793208413
2.881747546342207
2.9229712890732316
3.037728451482684
3.073679529634911
3.419477598759046
3.5687192344413803
3.6279886334985276
3.6558304337454346
3.6648749262716325
3.6687131223920297
3.669489353427601
3.6709972227794334
3.6857010794485103
3.688286596694037
3.699628770152579
3.7011844802757325
3.7362952232566653
3.7520387649339995
3.7695663915634676
3.7751479761837885
3.809282362842295
3.8196746869687352
3.825965390019481
3.8269033496734157
3.8276159181909315
3.835667172804402
3.842823437267798
3.8488711333776604
3.8568312064918393
3.8904726469275257
3.966079180518671
3.9695934351184388
3.9732879041392346
3.9793215482732958
3.9799584940224757
4.041857356951967
4.045676513279459
6.47820126324471
