1.07577788518589
1.0774331481534507
1.0834573071526463
1.4389445732519959
1.5274764727120724
1.5572285250240234
1.5619531886924218
1.5646284724708706
1.5649997021843811
1.5670478765256421
1.572829262894249
1.572973580562908
1.5736788438650757
1.5739825133115097
1.5752003500765765
1.5755332139328073
1.5779934838448604
1.5799398628377757
1.58049538226545
1.5818442262593468
1.5840751245511766
1.5842003519090664
1.5874521567553115
1.5877926274226695
1.5903134672784833
1.6076009783297656
1.6090476656711055
1.634114942147191
1.666707252291354
1.6752345488027782
1.6884646568101016
1.6904730288695304
1.703436878776078
1.7196768793407948
