1.5157100559349699
1.5159623498380048
1.5162479610643713
1.5162991836910384
1.5165172973379288
1.5165663100102704
1.5165939526946857
1.5168301306511964
1.5171060045128697
1.5171191216349165
1.5171285945871582
1.517183219229583
1.517304664424194
1.5174264753029651
1.5174370759874956
1.517495191536457
1.517496470963684
1.5175365331846398
1.5176056363517656
1.5177893497373776
1.5179910937422056
1.5180422879242255
1.5181476617210201
1.5181557973558097
1.5181689331578645
1.5181787652905692
1.5181791194308074
1.5182757027728095
1.5182799485258984
1.5183071240747201
1.5183665349521425
1.5184086656082794
1.5185836039895313
1.518604687310933
1.518637627080391
1.5186943451744945
1.518762713132618
1.518796387294824
1.518844593304902
1.5189151496202182
1.5189725013693134
1.5191256293723778
1.519152461694583
1.5193864503408447
1.5194072248751305
1.5194318827118214
1.519438275366233
1.5194654673052264
1.5195329888698301
1.5195984212492533
1.5196090500585935
1.5196591028155657
1.5197165209624464
1.5197180491052298
1.5197287164910251
1.5197665070399884
1.5198034394140076
1.5199795662577398
1.5200061405249041
1.520084346539857
1.5202097582273246
1.520235420984844
1.5202594796199278
1.5202684554090522
1.5202852064808299
1.520286250641634
1.5202894963221125
1.520297949087899
1.5202984008316427
1.520299328891843
1.520299603549571
1.5204376763887546
1.520495406921066
1.5205279702863372
1.520528412007613
1.520569081295269
1.5205923732191973
1.5206296690915873
1.5206331688217578
1.520648609186055
1.5206969631860991
1.5207144932622512
1.5207725767228983
1.5207922164701784
1.5208412258639799
1.5208437064758076
1.5208578923546208
1.5208756498156304
1.520918359635988
1.5209378239973672
1.5209575135723652
1.5209592713280093
1.5209774374522584
1.5209994881292423
1.5210679462873073
1.521112113595951
1.5211122938625241
1.5211127697285576
1.5211430985406202
1.5211750997962765
1.521196430776188
1.5212023726351327
1.521216359725024
1.5212187326671163
1.5212659413509468
1.521289887342303
1.521295740130767
1.521309156286447
1.5213475887384382
1.5213839100254616
1.5214535756991585
1.5215573688870465
1.521570234738437
1.5216276001783278
1.521651215908135
1.5217400346881436
1.5218272539437938
1.521866845812618
1.5219267724702372
1.5219462970985707
1.5219527069744532
1.522120532039819
1.522124846315082
1.522132526378454
1.5221490071856225
1.5221740075065018
1.5222482051193238
1.5222504272778818
1.5222667834015329
1.5223118879142308
1.522349969018608
1.5224537057971783
1.5224785478066363
1.5225237841899613
1.5225247479414956
1.5225288963413126
1.5225511282668247
1.5225556467222174
1.522557028305235
1.5225895387332455
1.5226599900164064
1.5226673968185516
1.5226847134817578
1.5227017207714062
1.5227224467356482
1.52277627092356
1.5228315380157307
1.5228578578551784
1.5229206908818032
1.522930249612564
1.5229781069022805
1.5230091621473687
1.523020351740156
1.523073222441986
1.5230822978344358
1.5230939972689193
1.5231101733904007
1.523215732221601
1.5232216952148443
1.5232519658539279
1.5233074990533924
1.5233138037992993
1.5233250388391404
1.5233360756670409
1.5233674889243123
1.523373836600408
1.5234045441404973
1.5234171622526944
1.523433980313696
1.5234525668834704
1.52345706451123
1.5235165467584602
1.5235241093845575
1.523587049662033
1.5236437780751049
1.5236456258201698
1.5236908976553463
1.52369883662742
1.5237156333016886
1.523734025208759
1.5237893061457075
1.523831291076359
1.5238495307164908
1.523880808304483
1.523902857142659
1.523913752273576
1.5239238195255111
1.523932557532764
1.523971483336375
1.523978729522374
1.5240406486301121
1.5240707304297827
1.524071024772033
1.5240811230465998
1.524099927719892
1.5241201171937506
1.5241239680512362
1.5241519365115994
1.5241656286765561
1.524173983026814
1.524192630626582
1.5242221220258747
1.524233714539566
1.5242437135836666
1.5242586198831571
1.524274323771153
1.5243035735729744
1.5243240463827412
1.5243386610334035
1.524346405741623
1.5243609872215231
1.5243732313145737
1.5243832250181786
1.5243983518925976
1.524422462450492
1.524429865453275
1.5244357665279669
1.5244359923432491
1.5244437945667593
1.5244716042367734
1.5244725808237158
1.5244781813284465
1.5245181089251474
1.5245452484724822
1.5245732868665147
1.5245894283702337
1.5246254365215377
1.52467754858969
1.5246850620150183
1.5247218311467086
1.5247236999233387
1.524748413910038
1.524762656445028
1.524769079923833
1.5247746646715912
1.5248112170847785
1.524848826747376
1.5248731607802268
1.5248892534868834
1.5249346082149404
1.5249364593607746
1.5249612057729636
1.524971193333755
1.5249942134940522
1.5250204027823586
1.5250379867936696
1.5250732766808435
1.5250937524266979
1.5250954451546008
1.5251353617920909
1.5251766320883686
1.5251771414801412
1.525190123565845
1.525212242386571
1.5252716801719866
1.5253468199580915
1.5254152274822361
1.525436915382216
1.5254709742198063
1.5254778017177941
1.525501046123721
1.5255402572427244
1.5255835666151454
1.5256774323030142
1.5256996059754713
1.5257604061088736
1.52578729463008
1.5258339799713196
1.525836033275094
1.525836602735551
1.5258846658742395
1.5258911738496623
1.525921793161957
1.5259337697989572
1.5259460840508245
1.525951858114168
1.5259703045705346
1.525973081236265
1.5260354074465075
1.5260565674418676
1.5260669162023317
1.5260989806474088
1.5261294433153276
1.5261437011880215
1.526150636886435
1.5261629301966178
1.526228519502442
1.5262368716181
1.5262539055656064
1.5262992308866117
1.5263016484612775
1.5263126834222873
1.5263209425292057
1.5263778879856151
1.5263783639442372
1.5264344801761551
1.5264431604295845
1.5264859335709633
1.5264877974295123
1.5264986085172616
1.526502639459906
1.5265324582581066
1.526540580947682
1.5265731289080264
1.526580603843671
1.5266119340299271
1.5267006332800048
1.5267070286716968
1.526719605428611
1.5267854103063079
1.526805911077536
1.5268193980751195
1.5268710248765995
1.5269069616994562
1.5269157771089432
1.5269280149273474
1.526933364046369
1.5269357194928053
1.5269436289841105
1.526947987111725
1.5269877082316068
1.5270711056753725
1.5270711698107222
1.5270830907367947
1.5270846657777306
1.5271025732589052
1.5271347380413909
1.5271863797855276
1.5271991855973983
1.5272048405416156
1.527251510367908
1.5272956247753444
1.5273488744454058
1.5273534680292158
1.52746566899364
1.5274809091247024
1.5274851670559315
1.5274922374090143
1.5275052732068726
1.5275354511171741
1.527648331757605
1.527656154623643
1.527701139375768
1.5277688671785725
1.5278072759318473
1.527810308693157
1.5278335786631614
1.5278599793917313
1.5278603080413735
1.5279079922193548
1.527908868781657
1.5279582999010326
1.5279908778857927
1.5280163576581949
1.5280205056879508
1.5280736709120617
1.5281034990657065
1.528129557726764
1.52818748531652
1.5282156446941135
1.5282168315000273
1.5282240435055316
1.5282339873275423
1.5283929878751839
1.5284174644312791
1.528473898180055
1.5285656749856034
1.5285716049205598
1.5286808411270176
1.5287019533549455
1.5287201833520299
1.5287671332857842
1.5288006540029302
1.5288033604467761
1.5288234415298485
1.5288712337623833
1.5289103667992425
1.5290133264563324
1.5290323137221802
1.5290774409671333
1.5291285145378413
1.5291457819950247
1.5292395582190943
1.529282579167501
1.529291243386008
1.5292916430849357
1.5293311883667446
1.529342868753622
1.5294456568255617
1.5294733459318206
1.5294749909155105
1.5295111633140288
1.5295589920752917
1.5295683916641032
1.5295820719591675
1.5295974980444298
1.5296702000197968
1.5297865547158176
1.5298159967609455
1.5298183368251808
1.529897057973907
1.5299495456191465
1.530050901671323
1.530070046964856
1.530093314054208
1.5301544108767589
1.5301702609619694
1.5302340860846024
1.5302614038170763
1.5302889882933217
1.5303622050945869
1.530429253777352
1.530490356638443
1.5304980413892366
1.5305702986773668
1.5306938969828388
1.5308331879065578
1.530865274526397
1.5311361828325323
1.531172679348998
1.5312845935583699
1.5313204021753044
1.5314774494301977
1.5315490648613035
1.5315677076761496
1.531568817837156
1.5316367404853113
1.5317827112351443
1.5318526604280067
1.531866960006503
1.5318860422276137
1.5320633334287688
1.5321203066656788
1.5321503817892972
1.5321713484956927
1.532194563871378
1.5322488372273637
1.5324998710472855
1.5325115696479341
1.5325341928081628
1.5325506219084153
1.5326271270541088
1.5327498035505265
1.532801518220468
1.5328261878647536
1.5329324208208543
1.5329673365929424
1.532996751474564
1.5330952426872435
1.5331969052430927
1.5331989184513168
1.5332202819537224
1.5332508154470232
1.5333680053797225
1.5335734381893047
1.5336827855041295
1.5337295351118152
1.533730578609387
1.5338423534377437
1.5338477942912516
1.5338806783258032
1.5339905574397854
1.5341071444233285
1.534137203040849
1.5341450340160827
1.5342180687763791
1.534482165202011
1.5345234728625534
1.534567809697561
1.5345853021662599
1.534612702749145
1.5346285445264918
1.5346503748933604
1.534795535197586
1.5348051572923231
1.5348937563452842
1.534950626968519
1.535027487734582
1.5350940088526206
1.5351095299378719
1.535113753122004
1.5351423624830476
1.5351768668237271
1.535197069490869
1.5352360238295324
1.5354524429389338
1.535761254371494
1.5360031035545967
1.53634369203002
1.5363607703028652
1.5364367276893933
1.536490572553147
1.5365578178444321
1.5365715305756276
1.536706361046729
1.5367110492196643
1.536764184161963
1.5367650343566053
1.5367758958383901
1.536965093001165
1.5370792536557627
1.5371654436880682
1.53724381749705
1.5372546406290548
1.537508193758589
1.5375879815103985
1.5375999381182603
1.53761950966545
1.5376535057649563
1.537929968195833
1.5379499980005467
1.5380928701018513
1.5382131853449268
1.538356194675896
1.5383773335794586
1.53840168334655
1.538403078715178
1.5385561616529888
1.5385819554891917
1.5386407794912291
1.5386508540373431
1.5388045623329467
1.5388243727991624
1.5389986892179048
1.5390108736384795
1.5391141588737378
1.5391758934082007
1.5392663156859043
1.5393370338139833
1.5393431733804037
1.539345025594769
1.5394820803571365
1.5395208948907204
1.5397264112145004
1.540074778423346
1.5402238653047386
1.5402288404163231
1.5402659395842475
1.5402724657906728
1.5402998752768573
1.5403268845644873
1.5404620502606585
1.5405687363287845
1.5405695612834853
1.5406358607716213
1.5407641155865825
1.5407887421398605
1.5407919499895382
1.5408053507391366
1.540984230763257
1.5410267475866326
1.54108639415113
1.5412514883968826
1.5412518879967465
1.5412630266140346
1.5414422902393838
1.5415523843661807
1.541751663926992
1.5417725896232588
1.5418451415278356
1.541935830655609
1.5421051668083874
1.5421225364615223
1.5421796957192475
1.5422321749050685
1.54223597130167
1.542271766275036
1.5423395221901834
1.5424526830206755
1.5424970825425783
1.5426857631143682
1.5427632864610932
1.5428167089813976
1.542817792735169
1.5428849462604965
1.5430312620639928
1.5430606197842085
1.543149575741853
1.5431687201385094
1.5432092840279377
1.5432364140940285
1.5432616431456567
1.543275316663004
1.543292403176005
1.5433464647772954
1.5434987313460127
1.5435299707263423
1.5435355138866345
1.5435797106482394
1.543582956486291
1.5435923452367069
1.543601646735311
1.5437640696448203
1.543768218098113
1.543786699434815
1.5438138936443428
1.5438805809696516
1.543974640920448
1.5440241807909316
1.5440252228785991
1.5440256720669023
1.5440418832187799
1.5441141751905545
1.5442139847434675
1.544292206307202
1.5443629246065598
1.5443764808768379
1.5443940482956222
1.544450998490357
1.54460224126356
1.5446269137775224
1.5446270218986067
1.5446728634922238
1.5447123122738458
1.5447129392373204
1.5448306594735013
1.545041488530172
1.5451313941350862
1.545141180851269
1.5451678913571336
1.5452100610868653
1.5452249062823107
1.5452689211641377
1.5453108298714258
1.5453341525092852
1.5454135144649264
1.5455357772839131
1.5455900289326796
1.545615723796571
1.5456532573040886
1.5457372644073892
1.545803728569713
1.5458236747365224
1.545852575060581
1.5458726872435413
1.545886162112216
1.5459070819088214
1.5459156494543893
1.5459336726563377
1.5459430465149955
1.5459779629098336
1.5459842286831869
1.5460208255867147
1.546041176576427
1.5460821669710663
1.5460854150704986
1.546110820201356
1.546230957939614
1.5462502273680363
1.5462816928246446
1.5463258757668186
1.5464165300827093
1.5464288159259716
1.5464685317311802
1.5466230987735456
1.5466281707110234
1.5466824214398422
1.546775924557606
1.5467808374635443
1.5468568582254825
1.5469489474863356
1.5470060883307655
1.5473139320402312
1.5476557836929488
1.5476617670246227
1.5476847629285793
1.547833348419854
1.5478913370152132
1.5482924770599353
1.5486100920952748
1.548818157988984
1.5488422781563411
1.549300100202485
1.5493808095485948
1.549436008271073
1.5497887497144338
1.5498497149059662
1.549972521812923
1.550053540946682
1.5501032915805633
1.5501540271180962
1.5502240942057277
1.5503469963999237
1.5504897263154542
1.5505054637725186
1.5505260660888118
1.5506468210572744
1.5506984375202235
1.5508786812034798
1.5509776573809686
1.551229641396174
1.551277699639744
1.551339669062813
1.5517232586430623
1.5517322882579527
1.5518667044345507
1.5519865449355545
1.552012580083837
1.5523125999507768
1.5523192935259755
1.5523513461707514
1.5523862753630535
1.552736745401728
1.5529567061172795
1.5529800371031288
1.5530921669145574
1.5530949569598758
1.5531577465660327
1.5532466214771103
1.5532668901988402
1.5535500250914762
1.5535869408017626
1.5536413144030279
1.5536413384354584
1.5536544418114304
1.553679637566694
1.5540089369482573
1.5541456098394717
1.5541923525779153
1.5542551599891934
1.5543253028613115
1.5543982763921778
1.5544038023150801
1.5545347361691895
1.5546308024322457
1.5546597600978813
1.554714807127858
1.554835643310476
1.5549649531126792
1.554984150774062
1.5550150854443208
1.5552078883276292
1.5552775565419856
1.5553043851529964
1.5555999481448426
1.5557476139363315
1.5557786036451244
1.555796903446444
1.5560579124773164
1.5561615385388052
1.5562727639490543
1.5566330074852532
1.5567082013619455
1.5567849317533287
1.5570798079518364
1.5571680779390646
1.557198299098604
1.5575989787843028
1.557609260112988
1.557697909455443
1.558009665081687
1.5583350744888846
1.5583544304837473
1.558524619574483
1.5585564134377288
1.5590589476717074
1.5593935674746777
1.5613896699953136
1.5627612529002401
1.5631883487419516
1.5632194909451897
1.5638309224695832
1.5640085311309866
1.5643623220783058
1.564582904460255
1.5646333579919562
1.5656541207518175
1.5665038586012812
1.5666263661008726
1.5668817591634783
1.5671806883928896
1.5673418016524554
1.5688368664624976
1.5715603792035826
1.5728191621297891
1.5735713507318827
1.5748778699023942
1.5772721234518887
1.577374486781255
1.5782675617186177
1.578616711851796
1.5793756042368032
1.5796930517754613
1.610619088915801
1.6106285886313125
1.61148628723386
1.611498637469899
1.6115198873029513
1.6116777017544723
1.612114275162832
1.6121483111331996
1.6121867540399566
1.6122270295787366
1.6123099038970121
1.6123607921576208
1.6123999936401878
1.6125141939263472
1.6126396139068502
1.6126543785581584
1.6127772744110773
1.6129016127415727
1.613082629257297
1.6139343624207045
1.6140118949396665
1.614012005755808
1.6141077950203986
1.6142342179565832
1.6143038435102455
1.6150181676192066
1.6150890338130575
1.6151075817288156
1.6153322013300706
1.6153494204526169
1.6160516599307624
1.616139914797257
1.616177450327936
1.6164044394001
1.6166014249425504
1.6170137138766587
1.6173529939239655
1.6176161967052365
1.6177497084284091
1.6187551067843409
1.6192206550650086
1.6198110506105474
1.6201446309823204
1.6203693573370732
1.620552242478257
1.6206380086612515
1.6206886715816993
1.6213428305859259
1.6217272169611427
1.6217968191550822
1.623182888634588
1.6233895800169897
1.6241739465500586
1.6291075647888358
1.6293631162038131
1.634348519966586
1.6350087796801611
1.6350621355097943
1.6351588233098462
1.6453370881051834
1.6462840255010724
1.6756952317858875
1.6801471011284856
1.681408070841197
1.6817582697361477
1.6826706891354535
1.6841397186745188
1.6844008013844423
1.6844707267563068
1.6877008190038512
1.6885329906751532
1.6888902562275272
1.6903295327954728
1.6904467513931707
1.6905335367547298
1.6971741694618607
1.698151327861329
1.699862133226081
1.6999212794322849
1.7017035289314164
1.7034500472045606
1.7045238690617566
1.704662403367229
1.7086467891156392
1.7111256419303917
1.7111888054479933
1.711913676709955
1.7119535365886445
1.7127149076939476
1.7133443981324845
1.7221900334499476
1.7323739061988417
1.7345218855764344
1.7350222333735072
1.73699417026595
1.7394247953158295
1.7397257834061983
1.7402134612190958
1.7402898927836217
1.7405747184174436
1.7411263296416144
1.7413880111110334
1.7414089399821027
1.7414727853039016
1.7415039996271162
1.7415887452064371
1.7428510461784477
1.7436564760104203
1.7438022843795942
1.744009501211826
1.7446602406299705
1.7463145991958111
1.7464422397679737
1.7465443523994366
1.746939240163069
1.7471802876888958
1.7471886476565646
1.7473026844992352
1.7476082275179587
1.7478016979310718
1.7478984854285593
1.7485114081446622
1.7486626053476921
1.7487087846687532
1.7487221274530467
1.7493148301450094
1.750612127608279
1.7506970037786047
1.7510848543007338
1.7516293475808413
1.7518269308261558
1.7532033340003739
1.7532438860113944
1.75341707005388
1.7550644695010635
1.7552589241584002
1.7553344657200123
1.7555649985303636
1.7558355004926656
1.7559124346975854
1.7573402843017574
1.757929158766926
1.7581598234981988
1.758180489065107
1.7594883563515857
1.7595213027051868
1.7595958330175523
1.7596175114684331
1.7596756606257942
1.761279175645245
1.761348635850535
1.764090062081497
1.7643502318987563
1.7645660076638132
1.764626937073571
1.7646755792161586
1.7647342610578665
1.7650686111129992
1.7655737659221162
1.7680122753457006
1.7681049961341855
1.7683484203630961
1.7692167732329234
1.769340222115603
1.7693425290341973
1.7694862183573004
1.7697068257565856
1.770053652908748
1.7715075687173742
1.7738485651133589
1.7739974507088654
1.7749754250810437
1.7750149592031783
1.7756664020317159
1.7760570709423231
1.777334150092597
1.7777753149244495
1.7780597846033048
1.818205826753978
1.8194741398467644
1.838367879492909
1.8544413296212254
1.8556363583166156
1.8577302191358391
1.8586770237192423
1.8773665128956831
1.886105714589742
1.89030210732592
1.893124379870799
1.9035685383328143
1.9059434118750949
2.129423500595497
2.144546356518813
2.188201473313176
2.220034081074567
2.2611102724041725
2.2719974274362924
2.2728167268827377
2.2745070061745443
2.2750436993594048
2.2775953596481107
2.2836705907165284
2.285446030098497
2.2859063824636916
2.2909468804327338
2.3026380098933616
2.3067236236732347
2.3115136770228966
2.312514766218505
2.3304730356084473
2.3307845969196923
2.3357766497115993
2.3391417257732074
2.3400399967463095
2.4018371791809177
2.4040094179752907
2.404787610122336
2.408382352979706
2.425396581136703
2.43193914618269
2.4338892297062897
2.4351941871531535
2.4436463168442595
2.4452263254771482
2.4493966748858966
2.4626107045093257
2.6273604398943546
2.7163680366756386
2.7384720794309043
3.28342302907514
3.2836436060154526
3.2845832892877795
3.2944332415225843
3.296509602871494
3.300649169933021
3.3264125911080575
3.3285040654583815
3.331700023917863
3.3323772828472915
3.334724905847329
3.3352944790533963
3.3357508349298186
3.336275476006276
3.3369975994407715
3.3400470163172744
3.3401841298386263
3.3407069525542394
3.3409348621840422
3.3443359260424135
3.345274843719
3.346870834621335
3.349670026425626
3.3501630445035326
3.3523831908783293
3.354678382805782
3.363789959789708
3.373145247992812
3.3750443809406305
3.3811205943108544
3.381601331061872
3.3849736762245843
3.3852158404968953
3.3852511538156493
3.386394474661007
3.3877122420272654
3.3911252468612445
3.395016607509473
3.3959858684968767
3.3971345585572563
3.3987891589203234
3.399267481650495
3.400482278108977
3.4019344877265905
3.4020852052970727
3.405863457657469
3.4059449328463876
3.4092317166858463
3.409432056559941
3.409592593735561
3.409734093986086
3.410495768530438
3.4114555425066393
3.4118718934929166
3.412101479273728
3.414093087610421
3.414761826198061
3.4151504644834403
3.4159273530484007
3.4159754262519204
3.416665173061191
3.417339442869663
3.417480400791053
3.4186644661811623
3.419464695428957
3.41975832922766
3.4198555841351106
3.4198776730525444
3.421838919804467
3.4251055693340335
3.427536930391452
3.4321567895054135
3.4322405675150134
3.4324828868041997
3.4329707275703654
3.433297449951555
3.4334861344715932
3.433817257672299
3.4340740294569128
3.434892754092627
3.435514113256117
3.4391334250134276
3.440209404810362
3.441393023311168
3.442638361247424
3.44357196457718
3.4437456672763074
3.4445566185491323
3.4482832351708055
3.4484397005859773
3.4487828755120122
3.4496877613444608
3.4500592335874702
3.4514362019079354
3.451559218191262
3.451715088177058
3.45278868603356
3.452861987113635
3.457046213320455
3.4573494835631147
3.458290700007244
3.4594375606144006
3.4601554529690914
3.4612764380342327
3.4613337988152275
3.4613987001584574
3.4629231935425526
3.4631545760455804
3.463199496790055
3.4646074174400723
3.465380196095505
3.465721947710365
3.467876340908591
3.468032867988897
3.4691683915759315
3.469951779973857
3.470299478932565
3.471398681888352
3.472299224450033
3.4728797666779374
3.474410232305779
3.474572036969396
3.475451828967224
3.4770421900228268
3.4791875553693585
3.4794785392080256
3.4803026591430752
3.4804716813802306
3.481345754872097
3.4816605340593134
3.4819095253362735
3.4833411880591543
3.483535500295301
3.4845538749932454
3.485243204366455
3.4871014140327317
3.487960677731561
3.4895843709083727
3.490756183003922
3.491744178290711
3.4930149617368818
3.493497937342222
3.493856055149501
3.493905818330039
3.494763151447338
3.495082131636466
3.4953875422388463
3.4958214544818675
3.496643040038492
3.4967239060083886
3.4979432076388615
3.4980172236184206
3.4980366256992874
3.4985880913196885
3.498768254959011
3.4991186632859645
3.5005143555635683
3.501028905370918
3.501238255896344
3.5022438460186414
3.50355762805322
3.503831476536766
3.503975271619836
3.5040221962033926
3.505057325365453
3.5055030607358746
3.505951206553915
3.5079063836201385
3.508125057145695
3.5084380916050146
3.5087134961601483
3.5099101222455205
3.5106639050663833
3.511481790428333
3.511741362270916
3.51260437470617
3.5141557517001707
3.5150130523816623
3.5154407053285337
3.5155388846150446
3.5162096535910816
3.5165197623066007
3.519914590209776
3.5206652894941066
3.520754962436105
3.521291295125735
3.5218685554762184
3.522281963058518
3.5237730221668326
3.524154505812372
3.524373822093382
3.5244579922023975
3.526588340712867
3.526611378742232
3.526639371738821
3.52713948993111
3.5288498846102065
3.5296137278784703
3.5297130546663356
3.530374742487678
3.530812528567287
3.5314164704378967
3.5333247423405583
3.5335732004724183
3.533575688864791
3.534231573601127
3.5356898922805504
3.5361145575154893
3.536325307005995
3.537059198822095
3.537309726300317
3.5377895872862077
3.538460333754173
3.5389798250223428
3.539093189146782
3.5392772909937027
3.5396251203154754
3.539808439569231
3.5400797572192024
3.5411672758132537
3.541250096427301
3.5419401692129533
3.542534523165792
3.543438830142645
3.5435538069725823
3.543706642732692
3.5440091746965674
3.5449201481298314
3.545477797514567
3.5455692590689707
3.5456749053013956
3.5457924850478575
3.546409706528189
3.546606217633701
3.546716667538264
3.546883307276842
3.5470811680313616
3.547088434570298
3.547831241405964
3.548080646011773
3.5481406971811675
3.548580125059294
3.5489885724231045
3.549098965516815
3.5491588262426763
3.5497780915106154
3.550312230056777
3.550484063981636
3.552259563035257
3.552320869014753
3.55278144063615
3.5531488677692304
3.553388274402364
3.5535994916679576
3.55383687281158
3.55460495565873
3.5553479837182063
3.555614911090815
3.556309599504745
3.556713760705437
3.556899621113105
3.5576468172967473
3.5577626978697094
3.5578241938354926
3.5581719598604624
3.5589980872468607
3.559493580216552
3.5598385160890267
3.560220559518886
3.5603362374978804
3.5608947649105573
3.56130230221032
3.562354969209317
3.5626164757326904
3.5627665686336556
3.562991507423371
3.5631764078372994
3.5634572763746686
3.563578700280414
3.563714666779136
3.563780247568882
3.5638526801957617
3.5643144245194045
3.5643455355153
3.5643861819338176
3.5649890792593544
3.565275344677667
3.5653121724642123
3.5655818014091603
3.566243465238012
3.5662664168621063
3.5662880425162076
3.5662997873292253
3.566383543747838
3.566389411332161
3.566468081614555
3.566486280105849
3.5667494917668043
3.5668922935392398
3.5670649875209914
3.5671574078488804
3.567186868406089
3.567508104071302
3.567638374507281
3.5676687942025636
3.5681754482253525
3.568181166332257
3.5682013700578645
3.568319054620715
3.568501121666758
3.5685272794215672
3.5686614572060065
3.5686875849908404
3.5688012752332754
3.5691650267647517
3.5691868829968145
3.5692468777974944
3.5692517487607
3.5692559227641154
3.569273595385733
3.5692777220922056
3.569317447976753
3.569327215013816
3.5694545201190158
3.5694703205445992
3.5698968669476674
3.5699384291154908
3.5701344070557917
3.5703352792066365
3.570485217517716
3.570513744867918
3.570750914332151
3.57078238174895
3.5708920655629943
3.5710724163177665
3.5711120686468885
3.5713282295396485
3.5713548281063363
3.5716506020729595
3.5721188212641506
3.5723297396792253
3.572338024652446
3.572715765342652
3.572914295941384
3.5731333868736734
3.573186943020156
3.5732618937562615
3.5735964953399915
3.5737092194093405
3.5737545689041874
3.5739189568264598
3.5740008040200246
3.5741437354672034
3.5741931160175464
3.5742652637870265
3.5745105736946243
3.5746499298444974
3.574905848651062
3.574927328357718
3.575189075986082
3.575293446175986
3.575353091669547
3.575395522025043
3.5754941445086303
3.5755117280141295
3.575701603871686
3.5758105663979043
3.5758278180580363
3.5758382961038078
3.5758708143938738
3.5760632397698524
3.5761642115926615
3.5761876510547093
3.576215339555435
3.576679263127824
3.576936737063474
3.57695385610233
3.576997548122966
3.5770269978296354
3.577151406606839
3.5771691284093325
3.5771877393467695
3.5772173702348486
3.577270927924249
3.577374106142939
3.5774242170427484
3.577510345193763
3.577829344870081
3.5778755598047844
3.5779030666980294
3.57796624821242
3.578298166871034
3.5783463440743266
3.578993315790824
3.5791920747493204
3.5792626916559778
3.579383600487398
3.5796419818465894
3.579664180803266
3.579700224554631
3.579707609085553
3.579752951743478
3.579779772159315
3.5797924185920857
3.5801893591475036
3.580222362738393
3.58030375527861
3.5803184296678308
3.580637923471969
3.580691630495381
3.580698703952782
3.5807749930143262
3.580892626207128
3.5809706174762774
3.5810412034274055
3.5811497946735455
3.581494025253037
3.581532342002998
3.581788695581383
3.5819959358632554
3.5822778061284866
3.582316365124564
3.582435339734804
3.5825592855148605
3.582666118779457
3.5827365525884582
3.5828081593765093
3.582818828292806
3.58289544940436
3.5829940990638858
3.5830048196319684
3.583083871418622
3.583127891120404
3.58324839846793
3.5835047681748993
3.583535298506036
3.5836191454664337
3.583789151294231
3.5842036294578152
3.584217897997271
3.58427571629274
3.5843267588646768
3.584399526752848
3.58440310254507
3.5848815895625266
3.5852113364758065
3.585371802896561
3.585948654341927
3.586066312984541
3.5860676996226752
3.586135591126831
3.586219195125546
3.5862667518184725
3.586315597137546
3.586350567973691
3.5864289252844346
3.5865345861039652
3.586734043162285
3.5867845790568973
3.5870360477512975
3.58743702862314
3.5875295214374683
3.5878623435204995
3.5879622390272092
3.5880093342500343
3.5880473742477412
3.58810649633947
3.588219551752372
3.5883038818020188
3.5883124134099575
3.588316081265026
3.5883852197704553
3.5885459655575342
3.5887375660509977
3.588827111707428
3.588870838125543
3.5890559254800527
3.5891884270241206
3.589261213250559
3.589285541667954
3.5895921036048577
3.5898084084593815
3.589984457315308
3.59023631474658
3.590348182209972
3.590397976698691
3.5904841744188203
3.590507461365834
3.590592828566151
3.5908254902497254
3.590830947104591
3.5909592624837186
3.591046171354
3.591197420713637
3.5914355349376907
3.591932530511433
3.5925416253092775
3.592569233445157
3.5928916302250014
3.593172962512719
3.593210632855313
3.5932384484153217
3.5932770328691803
3.5934133678387057
3.5940491435317496
3.5940696826199905
3.594126189150092
3.5944858660146335
3.594599576786577
3.5946322074371033
3.594803545901474
3.5951780350499063
3.5953258857090935
3.5954567475036487
3.5957195218773075
3.5959133995214074
3.5960117686003814
3.5961844596212087
3.5963221639371774
3.596969744369216
3.5969708578610744
3.597116498726271
3.5972407805839106
3.597372204376131
3.59737819122582
3.5974475480664787
3.597484962982994
3.5976894227838203
3.597774994542289
3.5979104818028222
3.5982160402600085
3.598446649232917
3.5985240210215554
3.5986108076704353
3.598815361053356
3.5989218600469424
3.599267428868116
3.599343935543012
3.60001420208056
3.6000403896678783
3.6005811507957355
3.6008108483971717
3.6013984261304173
3.601440629188967
3.601799628541021
3.6019499048112373
3.601955135590259
3.6021250471615063
3.6021690264938524
3.6022395363692983
3.6026304113636574
3.602712196124233
3.6028491979899884
3.6033369713806342
3.603563601841211
3.6041400683365996
3.604162417725376
3.6044522496670166
3.6044921620953367
3.6053047836821097
3.6056888185289795
3.6059242780422682
3.605980369358525
3.6060559273193746
3.6066421428884086
3.606910238718569
3.607184965316513
3.6078020924505845
3.6079115461455555
3.6081265651950685
3.6083109668761413
3.608441015829569
3.608542599277946
3.608601363036179
3.6088173589542154
3.6090357396312602
3.6092315422176067
3.610630907977064
3.6107079527791734
3.6108243930882695
3.6109459959204395
3.6110199377482552
3.611362822055654
3.612645670092836
3.6129346528609636
3.613070411565925
3.613221399075813
3.613236939920962
3.6133684875002583
3.6135872918098673
3.6136179734779623
3.6149147980878538
3.615026308730402
3.615105478199243
3.615404853885714
3.6155055200913484
3.61575263885571
3.6159205551417966
3.6161112915313045
3.616349272740288
3.6165094104310436
3.6166852313902083
3.6179994634790007
3.618364102074024
3.6184873824401
3.619021453991009
3.6200653162795775
3.6215231229768126
3.6217914805712526
3.6218575863281166
3.6223785705623803
3.6227275067148725
3.6228984089237306
3.6230398010764278
3.623262752604484
3.624238536818726
3.6242916872757234
3.6242945631821235
3.6246837104800926
3.6252407567545655
3.6253117137254356
3.6254505357894447
3.6257073891235874
3.6258566206870197
3.626016441991401
3.626197579212692
3.6269522927236695
3.6272040887951666
3.627399040386999
3.628605780719567
3.628695002043114
3.628967957050498
3.6290746748917844
3.629509018534296
3.6295833686979546
3.62972385619149
3.629826151122634
3.6298561968383942
3.6307733972128866
3.6308357500845614
3.6310909457429474
3.6313175076384243
3.6314965250476123
3.6316625681439967
3.632028643404766
3.6332458423981917
3.6337982822986246
3.634143432747737
3.6344237140890407
3.6346869331208533
3.634922140040953
3.635231609627401
3.636058171559986
3.636669574419436
3.636979421026343
3.6370630123058545
3.637132420451076
3.6371866666202357
3.6373998917814467
3.6374374891068606
3.6375553787596595
3.63797371217846
3.6380664005505983
3.638151636330137
3.63821370982589
3.6383947903430642
3.6390519852293717
3.639176610092449
3.6400922105885027
3.6402579540376285
3.6403535835121414
3.640895151462878
3.641209892239975
3.641413664752045
3.6416551298657884
3.642567095306207
3.6429855704070873
3.643860639340766
3.6439151148637468
3.6439262666825045
3.6444571888100223
3.6444850635825503
3.644499907764262
3.645111818438541
3.6451811279150657
3.645444075072027
3.6464076494399325
3.6470159222479177
3.6473571442481463
3.648180575835684
3.6499331964313857
3.6501041467667243
3.6505163606078166
3.6508587475373724
3.651750960777663
3.6518551701665123
3.651925077982486
3.6521128356546964
3.6522424665489135
3.6523895311570485
3.6526783319676506
3.653306544057039
3.65350997823895
3.654091773329261
3.654093769592453
3.654317744097895
3.654712741331329
3.6550554064068947
3.655890499423073
3.6560809534533587
3.657220683734436
3.6575040269246317
3.658067215323275
3.6585245785980085
3.65920506638409
3.659315356731168
3.6595813981999648
3.6603566854641114
3.660903338070909
3.6611624298629355
3.6611888606067806
3.6612211470898384
3.6612485439642377
3.662064767349366
3.662508211234343
3.6629425166760896
3.66346887918738
3.6635839701268904
3.6638535124745104
3.6642400091811176
3.6647726966313794
3.6648282761931776
3.664848994099409
3.6651691177891568
3.6653967097959113
3.6659919088218893
3.6666356475469386
3.666731653348325
3.66682834636132
3.6670730547642765
3.667639909116181
3.6677226111744705
3.667919580477062
3.6680534596102006
3.6681702334553665
3.668393854787255
3.668462906948984
3.6685397229915293
3.669089214127368
3.669222751432967
3.6693767019024333
3.6696000485597247
3.6699840951306393
3.6700590182843427
3.6701671497102115
3.6704479625963216
3.670650332157112
3.6717214556176523
3.6724243723023426
3.6726886079177445
3.6728079381986745
3.6728859069793804
3.6738843686020264
3.6743310269535
3.674685480369628
3.6747626671197913
3.6758740210858045
3.6765623907852714
3.6769484171574227
3.677505358553269
3.677507608007398
3.6786829403003147
3.6786968054295324
3.6789446324991326
3.679024820301641
3.6790986678901816
3.6792405721215125
3.6797525765201344
3.6809317369296717
3.682115198801894
3.684093959670011
3.6841146834445855
3.6861601694162283
3.686898217676237
3.6873802476903914
3.687470110832525
3.6884421518824877
3.69028791984318
3.6934996191843927
3.69350283886083
3.693565119689837
3.6937480037028414
3.6953455161453648
3.696335627942709
3.6965843035170907
3.6978152626362957
3.698332787478072
3.698525117366405
3.7000420260123112
3.7004659904329786
3.7005032196964067
3.7016583065368636
3.702321958589151
3.7025636462802467
3.704900380879686
3.70640814607837
3.7064890157070254
3.707946206321625
3.7093226044086434
3.709580041875514
3.7102299798492675
3.7104828586229743
3.7108432372972913
3.710876687167268
3.7116441254709978
3.7149970403360015
3.7157971319573315
3.717527134249069
3.7176008973711303
3.7181584362791242
3.7192883154344973
3.719381931354265
3.720058122166966
3.7203384166214963
3.7207879730841045
3.7208638484443073
3.7223503160705733
3.7239612685046617
3.7249113552977517
3.7250594705831226
3.7258047280843036
3.7289281652279813
3.7290652239974147
3.7303308733867357
3.7306232282439833
3.7326996818184153
3.7342271995972114
3.7349078954304047
3.736340035155815
3.741252197278287
3.741562719912723
3.74301430476374
3.745402459618478
3.74581933210709
3.74687545764582
3.7475053346674976
3.7493226997278515
3.750254126955039
3.7514318767940815
3.755242648824386
3.7581226904641527
3.758279655654197
3.758493385381459
3.759265675754632
3.760931398778611
3.7626513312309884
3.7638916584816795
3.7645324457224034
3.768865258695854
3.7710571184719712
3.7726696334153957
3.7735346254353352
3.7744117165083972
3.775033515821078
3.7805119357629833
3.7840182318257574
3.7893669468552718
3.790495598272172
3.793738477596796
3.794597778173089
3.7977236341179395
3.7978752694790283
3.8002586915221537
3.8019850184714485
3.8072142461156506
3.807214722048513
3.807846095607443
3.8156013943834677
3.8165334765584444
3.819758573001008
3.8201615866194927
3.821152409008375
3.8212215004359003
3.8257913863449042
3.8296677701603534
3.830493990867694
3.833088099414233
3.835369665471554
3.852857473673249
3.858821716512771
3.8636745052721917
3.8718169569116965
3.8737594500640067
3.877570385928707
3.8848858991385913
3.88751814842468
3.8964973789615027
3.90083138359209
3.9143659590675544
3.92088465227142
3.9238248758528873
3.954832891497942
3.9592627164666827
3.9754974613854492
3.981781909759807
3.9945951415911094
3.99492117526123
3.99535226288308
3.9957032793126803
4.003927709793981
4.00507339433088
4.0061876981538065
4.006537993889206
4.006539929773685
4.007499213444751
4.008867786697367
4.013106462535123
4.018748090362441
4.02167346524923
4.023805149543271
4.031665442868042
4.035712176006957
4.049636789286841
4.0728114222755805
4.073091952575674
4.083474879310836
4.092925212277562
4.093996910174728
4.100840958403122
4.103469539532718
4.103511412913489
4.124100816206644
4.125466339443927
4.126678399543146
