0.7894463566859271
0.7911784396702425
0.7915132344276539
0.7926703020189519
0.7934490355557369
0.7958681906791518
0.796595615139213
0.7979829119518986
0.7979970056259134
0.8003854345329362
0.8019127420882886
0.8032929681213892
0.8048553345840589
0.806424977267801
0.8068521780190894
0.8069424947930054
0.8090460687900083
0.8098332240636523
0.8120699185335901
0.8122824168603
0.8123288159824092
0.8146847101086769
0.8148461162832324
0.8163036006300716
0.8172798538603867
0.8208694883994399
0.8213084892384007
0.8219012669303465
0.8222821301744332
0.8251900625562802
0.8265282754801304
0.8276318534081596
0.827682244511173
0.8288069996181135
0.8292912959468873
0.830349555683306
0.8314102195976758
0.8316265670902466
0.8329300655634692
0.8337459552593978
0.8342012314440609
0.8350593770385792
0.8367113039813042
0.8369411290201436
0.837740984296594
0.8384696928763107
0.8396720945909295
0.8417365938795689
0.8417938387486177
0.8475775402576595
0.8478065871963394
0.8493647196649836
0.8498976931123476
0.8620511502880419
0.8640834822539228
0.8646399378290374
0.8710546356951069
0.8810186403535076
0.9479331780820823
0.9716102573201557
1.056440062635493
1.0620200913305664
1.0649839552539995
1.0706544068260262
1.19128633078397
1.2263593473022396
1.391863972337865
1.455388686936924
2.0294860300891373
2.033353007381977
2.039506470666703
2.0482527888884636
2.058240321629722
2.062832622174581
2.0685622984282
2.091235811902673
2.0966174657493397
2.103397901967722
2.1167008630191275
2.168891827337962
2.320957857136073
2.377084724000471
