1.1178404744260344
1.1187909047673266
1.1197807021585864
1.1206462537925843
1.1268722305580219
1.126943317900742
1.1290591118090398
1.1297133973924685
1.1297351832210905
1.129841725395584
1.1306687610425483
1.13183515706512
1.1327937023999397
1.133263194668988
1.1348418002441631
1.1362377445710743
1.1443846760442897
1.1456029085329655
1.1459022886167594
1.1460483285879035
1.1463965756363996
1.1468289791660664
1.14696195044674
1.1483232100948884
1.1486668345121231
1.1490254191751805
1.1492863536592308
1.1493610860650103
1.1494325810559993
1.1495542412612718
1.1496531557885419
1.149757261508398
1.149763871685077
1.1502637648771012
1.1503080540365154
1.1505391599689074
1.1511856867220165
1.1514575639723812
1.151556574886621
1.1516358923202006
1.1516727229910273
1.1517043507343752
1.151706421492384
1.1517299826946372
1.1518668603547921
1.1521484470677057
1.1521953609799418
1.1523396613339894
1.152586757682594
1.1526090034311773
1.1526314707038137
1.1527363558999502
1.1528463983680386
1.1529756863367446
1.1530669834465197
1.15327106635902
1.1534557868619155
1.1537212363902996
1.154127629805764
1.1541962783700193
1.1543205537809988
1.15434543441642
1.1545815625627438
1.154584176079585
1.1549089780002382
1.154926816585201
1.1549700992552059
1.1550282312164826
1.155538359594433
1.1556672126198229
1.1558107974216003
1.1559148781777095
1.1559390959544025
1.156614378046168
1.1566402193046532
1.1569696375923872
1.157198466711987
1.1581953300353582
1.1582717340000328
1.1583341110112555
1.158434932681155
1.1587913506172476
1.1598040826099498
1.1599963440792485
1.1600110971141204
1.1603660209140612
1.1608791085567947
1.1609374493454385
1.161010966461764
1.1610944478240723
1.1612751341236813
1.1615266660857926
1.1616529868903982
1.1619220398502823
1.1623136283218831
1.1624946958396394
1.162615449922798
1.1634509281162866
1.1634561163172725
1.1636414434415292
1.1641064789613318
1.1643001194449651
1.1643195748582207
1.1643443622896494
1.1643594681856584
1.1644375643034472
1.1647557000343332
1.1650054383510817
1.1652542979767024
1.1655293552839663
1.1655906505208764
1.1656441436702845
1.1656763407616832
1.1657289998742308
1.1657754607832613
1.1665049409062764
1.1667667312433156
1.1671464564765643
1.1679687766440447
1.1679924162958606
1.1679935488046689
1.1681378150471495
1.1686921889450403
1.1687218341374679
1.16884627245113
1.1688497749116649
1.1688550471520847
1.168995977260081
1.1692544883198406
1.1696417416418345
1.1699220861808861
1.1699421937547743
1.1704698055343834
1.170548278522637
1.1707458800349648
1.170937050920842
1.17094938956622
1.1712497119950187
1.1714829024404712
1.1718372717432581
1.1720426832734625
1.1722764957629939
1.1722787587109207
1.1723705842264946
1.17243894255179
1.172500707955643
1.1726914305323304
1.1727781632246146
1.1727983013035503
1.1731998092903788
1.1732570810992937
1.1733235144074843
1.173382378706665
1.1734052475903383
1.1736676986937766
1.1737345968891673
1.1737533725375922
1.1739064834810111
1.1739134606349773
1.1739398212238514
1.174082511877241
1.1743998575390855
1.174435944564843
1.1744365404602792
1.174583775299324
1.1749654077665226
1.175029522283189
1.1753350063834394
1.1753898056638394
1.1754083970089089
1.175451357639032
1.1756356378374302
1.17571694384371
1.1759900512291133
1.176074681995468
1.1760807533856181
1.1763335265783121
1.176390775929104
1.17672593744668
1.1767402806434628
1.1768623464610897
1.1768786132970852
1.176883532777212
1.1770042765589643
1.1771185864824345
1.1771768319846843
1.1772443164444264
1.177281297448292
1.1773352763886369
1.17766263487435
1.1776838654127355
1.177737133538621
1.177838964835082
1.1778531391320761
1.1779619115465447
1.1783633903783814
1.1785225991680544
1.1785354908038523
1.178543314766272
1.1790890421850635
1.1791246364655346
1.1791700070843882
1.1793769288996148
1.1795111492307357
1.1796112744693774
1.179828696717561
1.1799196033589112
1.1799246511633212
1.1801690312042306
1.1802139016976387
1.1802187852876547
1.1802674093214613
1.1807183374427914
1.180721226896999
1.1807582441132805
1.18084916103811
1.1809491913022279
1.1809583940395505
1.18110171352304
1.1811222507769716
1.1813393877637406
1.1814264250848396
1.1817930458089625
1.181799570581335
1.1818041935212489
1.1818851434529156
1.1819979951676642
1.1820100399815374
1.1821215796268107
1.1821454632781445
1.1821821408937458
1.182214364470188
1.1822379623244588
1.1824221012915468
1.18242877683317
1.1826287849238162
1.182761555782686
1.1828088233329455
1.1829561877779489
1.1832214174831044
1.183229371183535
1.183427515083082
1.1835306689571639
1.1835425959490313
1.183568830318116
1.1836841845880801
1.1837272388527178
1.1837892283067277
1.1839042490128933
1.183982364120895
1.1840020385254035
1.1841705544919638
1.18420352075498
1.1842196789677015
1.1843225504597954
1.1844599587361677
1.1845498038212248
1.1846112667407105
1.1848541048412156
1.1848747407090483
1.1848996917279553
1.1851271841593514
1.185605507602591
1.1856136497864054
1.185615712600882
1.185651146277553
1.185737396478575
1.1858028548942183
1.1859951479708648
1.1860180688804092
1.186058077192766
1.1864840965724968
1.1864850063772088
1.186525566656897
1.1866289329648896
1.1869045138480556
1.1869792084070747
1.1870719416834203
1.1871941441673435
1.1872809293724471
1.1873699822531523
1.1874261747810135
1.1876654860710918
1.1877831107900056
1.187806380217554
1.1878452036623808
1.188114257517167
1.1882940464267582
1.1884452375422458
1.1886503824488277
1.1887364251184407
1.188882688143462
1.1890366006050714
1.1891542110023483
1.18919660468918
1.189267820312877
1.1893932718396845
1.1894316733947408
1.1902892473679543
1.1903206965143451
1.1903875896392073
1.1903919124253584
1.1906141365401541
1.1906552369595471
1.190778048121903
1.1910912736193158
1.191298397892286
1.191326129051629
1.1916301448217834
1.1917682858313752
1.1918136910762887
1.1920496749569842
1.1924317471406298
1.1925006413914068
1.192825670955929
1.1930290435006028
1.1934356916320685
1.193563793519624
1.193884784293896
1.193970567097016
1.1941894290355686
1.194391949801283
1.1944226331414407
1.1945987044277238
1.1949125419962991
1.1949749379691794
1.1949769557475474
1.1950173013975065
1.1951693240016326
1.1952374311442604
1.1952414706756411
1.1953586166149182
1.1958390036323576
1.1959379080944608
1.1961908204856553
1.1968687251309749
1.196889273194839
1.1970639528217701
1.1971546675724334
1.1972168099130511
1.197268170792419
1.1973149888636498
1.1974026038969947
1.1975287110885613
1.1977548201571346
1.1981722933817147
1.1982058553323067
1.1988622627259728
1.1992168373047578
1.19929717034767
1.1993884838218023
1.1994245944328012
1.1994379932985153
1.1995093359990814
1.1995160709796906
1.199539729722532
1.1995655473589544
1.199871431535533
1.1999878586632766
1.2000885459737454
1.2001094752994261
1.2001454686798607
1.2002010656247468
1.2002504180288245
1.200476048891142
1.2006946025076677
1.2009598516084197
1.2010682836804993
1.2012054012700124
1.2013329101129926
1.201400870839131
1.2014118364205808
1.2019683806492127
1.2020069458480682
1.2021120735790496
1.202187284001919
1.2025677544180167
1.2026176226945178
1.2027498501664773
1.202989666548157
1.2031229473643186
1.2031572993038129
1.2033458188543968
1.2037052652312257
1.2037814443831931
1.2041035111889766
1.2042089139379437
1.2043064232455076
1.2043855565877222
1.204906066602479
1.204909778598786
1.2055687749667736
1.2058877508935189
1.2059434242656948
1.206615278382751
1.2066807113460303
1.2067912071864468
1.2068363423801127
1.207337358952776
1.2074069942313315
1.2077706530167727
1.2082030348448023
1.2084403341483863
1.208455429584867
1.20860845458639
1.2092164660442302
1.2094616402098852
1.209499257597365
1.209569495181441
1.210329721725445
1.210336223895579
1.2104443091671455
1.210669677562414
1.2129390129568356
1.2129701300276932
1.2133130903047877
1.2136711822318735
1.2137478029125253
1.2140485712988156
1.215221784657007
1.2155105039536183
1.217311120226327
1.2189431844286367
1.2244664211942458
1.2248701941822304
1.2260444369213739
1.2278649262970807
1.2279915167797475
1.228303342140641
1.2296611079505417
1.2321545582715498
1.2328040962124092
1.234114044780358
1.2391461315374497
1.2401992646813842
1.2414374710067775
1.2429841809166684
1.243282220040977
1.2434587007026567
1.243815696568318
1.2442326654656164
1.2447336191124463
1.2449246623559442
1.2450648305166852
1.2458105248836768
1.2458597313662445
1.2460063862451625
1.246338347874189
1.2464115202810093
1.2473452377007916
1.2474265419227126
1.2474494315055435
1.2480722984110808
1.2484619625015803
1.2485017078729916
1.2487005255472998
1.2493283230342045
1.2496830087018773
1.249995805259102
1.2501536345409807
1.2501814346421263
1.250885670726963
1.2511618845832277
1.2520115335290185
1.2521479781586642
1.2523362048072633
1.2524744254082665
1.2531095315391636
1.2533358186717147
1.2539516425674326
1.2542310136590524
1.2550359268348883
1.2551939246316262
1.2552185886332363
1.2552236459379238
1.2563232090250966
1.256360395513334
1.2570844633056184
1.258332031706591
1.2587884207518547
1.2600469719374372
1.260303847667185
1.2604586633126036
1.2610336882658377
1.261830538605552
1.262693477419026
1.263111254675286
1.263470734550864
1.2640391841897674
1.264312402220754
1.2649617950992744
1.2660882532730082
1.2668462125397189
1.2671273218768306
1.267499937540285
1.267828741935012
1.26863846503515
1.3339241541641258
1.3390335419115638
1.343777990212838
1.344161619898826
1.345571045537482
1.348772012303543
1.3500806061288295
1.3518348933770323
1.3545834939937298
1.3559338523415585
1.3601700147032703
1.362050519361683
1.3630704384608305
1.363126966181648
1.3634106652044153
1.3653738332187086
1.3656255996418494
1.3656863555598686
1.3661617200981622
1.3664779621781404
1.3667459260099493
1.367123879755118
1.367928160048588
1.369332194994439
1.3711422370789899
1.3712224885256108
1.3718623149135905
1.3718813936006398
1.373457146353873
1.3735220108506894
1.3736041084598194
1.3736970581533239
1.3740383205980564
1.3745025486948383
1.37506905079408
1.3755869629857524
1.3762142187027566
1.3763078362075094
1.37809642006649
1.378385260776603
1.379508720591033
1.379884165454617
1.379958547763813
1.3810794898075927
1.3833297712017003
1.3847358246790993
1.3849623043490082
1.3852547852860047
1.3855547739682892
1.38574744247869
1.385909015558748
1.3862431783846598
1.386932539648852
1.3870953940206596
1.3873812791865872
1.3873985940813387
1.3874876331117065
1.389970380686488
1.3904503077195505
1.3909632951360016
1.3912410794276515
1.3914699644626678
1.3915944580813455
1.3923727608152194
1.3934467023211026
1.3937705173543158
1.394091496782481
1.3947095044186204
1.395481263117262
1.395937489581069
1.3961282142637559
1.3966535461407659
1.3984341293604658
1.3991751399178847
1.4073065810554652
1.4093008962037956
1.4098962477418922
1.4100342454889105
1.4108181228750478
1.411327957585738
1.411612269535949
1.4117281346746247
1.412165981762613
1.4129779501361932
1.4162782465295545
1.4172068150741506
1.4182715971054265
1.4192073277112798
1.4215470282454976
1.4225399215404948
1.4226901334377706
1.423744310895747
1.4250997610085159
1.4319640252871013
1.4356441985264539
1.435672093048992
1.4361791516089675
1.436376529307619
1.439205972024695
1.4399097934172385
1.4434432856701096
1.4443757097432992
1.4452863574097174
1.4453842992089245
1.446896466681633
1.4479045915935467
1.4480730739479262
1.4498568214951464
1.4536402716333612
1.4543912133324244
1.4544323165427746
1.4546324050862658
1.4571275355947058
1.457864368383765
1.458271677258024
1.4598097296880117
1.4611392811636774
1.4619776871237993
1.4676461575593338
1.4680131938271206
1.4684578557300427
1.4686070171503318
1.4705516411552562
1.4709847889008878
1.472636096904036
1.4762213475413197
1.4771112794771342
1.4782337233347742
1.4815525601671358
1.4830214618288227
1.483674298989568
1.485037303408675
1.4866007390873632
1.4866909718224126
1.48679705150671
1.4882888995262165
1.4897209025318252
1.4903483225218705
1.4922935625105438
1.4924671901857003
1.4943648283935698
1.495230580008619
1.4965060200456917
1.4970429680354922
1.5049688879346952
1.5052959153937295
1.5066644961987758
1.507348411035971
1.5074687617747404
1.5169656353365704
1.5173720522876397
1.5181487512232739
1.5193776717658372
1.5196406233097384
1.5296343269198907
1.5309140076907106
1.5323676021997155
1.5421038600935462
1.5439336259055854
1.5439364725607239
1.544192485089284
1.5537779432679577
1.5538412052291104
1.5547431768783715
1.55582713019571
1.5563291310944802
1.5660841918646005
1.5672042148997918
1.584550156861324
1.5846953270382356
1.5984666949526005
1.5986901486605498
1.5988546286386593
1.599434716650544
1.599631498704326
1.5996495220827782
1.5997990689006143
1.6003699422857574
1.6005493023439996
1.600597742657537
1.601280670951157
1.6014941781731113
1.6017424621273497
1.6052765948688175
1.6076656469958663
1.6077282485062374
1.6077474732250834
1.6078527437188381
1.6079004289182277
1.6084261319856243
1.6085558802368949
1.6087986549447344
1.608798741013895
1.6089092047097293
1.6089783708641199
1.6090715961945308
1.609223160847751
1.609292879962893
1.6092993955528592
1.6099744605701483
1.6101142217755675
1.6101184468431344
1.6102509442247792
1.6102594736007543
1.6102847958897935
1.6102971575479332
1.6109542784872382
1.6111680687444516
1.6111997746421804
1.6112624110716915
1.611651355344279
1.6124081168089863
1.6125117030542981
1.6131871550099017
1.6135224433544888
1.6135666307444312
1.6141203326229157
1.6144855880868816
1.6152448144687739
1.616784647742451
1.6175062808917327
1.6176154672392669
1.617640501713273
1.6176427016607862
1.6178869128418931
1.6178882986300973
1.6179218890920748
1.6184647456179795
1.6185128737508148
1.6187619113994656
1.6187654089696977
1.6187842852822252
1.619044454910016
1.6193288215960642
1.619383584105242
1.6194512578377884
1.6196909465771177
1.6197453786164338
1.6197488518612613
1.6197828075709912
1.6197971752338487
1.6200910754722644
1.6201344525978831
1.6201350141160344
1.6203018089355294
1.6204045122018893
1.6204465966566475
1.6204561769463544
1.620739457358413
1.620748199834184
1.6207609016110143
1.620805653478722
1.6209765172763964
1.6211322348327424
1.6212973822002124
1.6217781048326572
1.6219556326477418
1.6221948724024096
1.622245086562313
1.6232186276697604
1.6233633987212162
1.6234741102803931
1.6235459633067386
1.6243561284178782
1.6244705926515524
1.624523337859797
1.6248958066052486
1.6250224591286988
1.6250527794006706
1.6255939586812302
1.6258561954602198
1.6266561872712748
1.6269443297566817
1.6271082802691352
1.62743728603562
1.6274485554881883
1.6275001024701328
1.6279167647792858
1.6280842428521385
1.6281615758223358
1.6282145429050883
1.6289992186842532
1.6296168995090643
1.6296842824762212
1.6299836125426204
1.630598022228692
1.6306705900315708
1.630995010984647
1.6317905782050204
1.6321186097731517
1.6324678977574332
1.6328214106075511
1.6329981609942625
1.6330162317022068
1.6330379970008135
1.6334735061798271
1.6336814727524742
1.6338521681463722
1.6352209617012121
1.6355182909936683
1.6355501516562463
1.636239636760046
1.6365543507043234
1.636607586900034
1.6367738609452758
1.636915782390838
1.6369355775121526
1.6369383907590902
1.6372407643751667
1.6376807737703494
1.6377164857850919
1.6387287979457634
1.6387801643732547
1.6388773581089753
1.6389791191825844
1.6391899585177407
1.639219998317371
1.6395578769966999
1.639734368727685
1.6398516597772652
1.6399961315945932
1.6401393341760548
1.6404126416406914
1.6406530712333327
1.6411931822993937
1.6414899806472798
1.6417433725176218
1.6419941523161947
1.642061287597448
1.642701713439726
1.642884934145995
1.64322060381173
1.643576253432203
1.6437847273950152
1.6440550200134048
1.6443012819817555
1.6447815341558114
1.6449412527915495
1.645198269343374
1.645597896485428
1.645726742360434
1.6458074665207318
1.6460214088280898
1.6467191663812264
1.6473443919512956
1.6481279818441843
1.6481965118645425
1.648544241984859
1.6487637493769987
1.6494185330114506
1.6494925511757423
1.6496064203508716
1.6502085292850182
1.6503576192066547
1.6509632479906602
1.6514426211620041
1.6514889064105234
1.6523376904942892
1.6526702087844483
1.6528743816050324
1.6528987731494846
1.6529259036812474
1.653537269191874
1.653691463612053
1.6537129163666486
1.6538304150360779
1.6545746740694027
1.6554616412604715
1.6556983065581659
1.6560960575171912
1.6561887968656064
1.6564491988982848
1.6565049228231348
1.6580596076508722
1.659523683231569
1.6595317343675247
1.6597587249757597
1.659920547953693
1.6602409071150648
1.6603338095990892
1.6621080067360523
1.663111411067527
1.6631903511732107
1.6636056476454324
1.6639063474546525
1.6639184519665577
1.665358873461609
1.66606178345397
1.6667814499500822
1.6675064713271488
1.6677054685333454
1.6681849533725017
1.6683020998337554
1.6695815340028406
1.6709973512293042
1.6716739213247167
1.672437119584854
1.6738365802308373
1.7216973676224427
1.7224558436196529
1.7361476201569197
1.7365346715968422
1.7434895289188421
1.7448923329658115
1.756629282365225
1.7579344621118798
1.9621395735496714
1.963054897855626
1.9771260174831038
1.9802383889635071
2.864106797752498
2.8688383868693976
2.872045397536719
2.971478545554549
2.978573646414446
2.9962054247270804
2.9967283255704973
2.9976744054228397
3.0056372544974677
3.008280809959363
3.009845298058059
3.0102145437232855
3.012579863034858
3.01640189335878
3.017152296930318
3.0209711306202993
3.0227701205593647
3.8110328300770147
3.84065275692887
3.84115795119595
3.84299746503648
3.843104310659748
3.8433522473433883
3.8451202229949812
3.8505707337161175
3.851165791273422
3.8513869989097125
3.852641851095753
3.8530885972826443
3.8532767846868143
3.854877719685487
3.8550264466656805
3.8617401439791013
3.8648889257270143
3.8715421580758367
3.879779597817548
3.8808265960831503
3.8840827052261373
3.888992146182061
3.890327023914138
3.8915451296835135
3.8921306292916493
3.8951506329103167
3.895481699486557
3.8954961731771
3.8982347745422774
3.8990580578166
3.899279369240071
3.9014183483150435
3.9053548169377215
3.90789845170122
3.919191993179377
3.9195069351539384
3.9217017311181785
3.9221643001394177
3.9235243936739765
3.9258557343923735
3.9274057486616667
3.9276410279097145
3.929614354408975
3.9299959693659345
3.931893122477406
3.933927802298429
3.9550321364353183
3.9551342891893984
3.9572046787459434
3.9574522046344027
3.9595953870726177
3.9615956093672358
3.963875154485477
3.9638982093147233
3.965752403704825
3.9659197478759065
3.968588979321529
3.9702990477047995
3.9730634712634494
3.976040703839409
3.9812818028050487
3.9967323108105037
4.00101934621235
4.011228114210223
4.015193564492751
