0.8665223551582929
0.8668176348489053
0.8695458397173799
0.8702440464979534
0.8706161514524834
0.871013817181243
0.8714580187389773
0.8714626391590861
0.8719074896998292
0.8721674859446967
0.8722034266958218
0.8722241936694529
0.8722564581791741
0.8723471329171022
0.872601053848495
0.8726265243376506
0.8732712463130604
0.8734210782488755
0.8734223855102927
0.8735357714272538
0.8739938743223593
0.874091276173416
0.8740941364992421
0.8740965964132129
0.8741001870668648
0.87575982004172
0.8758761299242348
0.8762381545761571
0.8762920548593195
0.8764139836657598
0.8767552872401727
0.8768892574901226
0.877212090019986
0.8775175127519491
0.8776341065677463
0.8776535015967455
0.8778105156554328
0.8778151319472758
0.8786753251042003
0.8786979540781718
0.8789809949969405
0.879320733780993
0.8800741551924083
0.880131074743744
0.880279824933093
0.8802869543352063
0.8803396265794544
0.8805910480868588
0.8806580847686547
0.8809112199312724
0.8810542081535849
0.8813768272429134
0.8819466432291261
0.8823961823007226
0.88257008469764
0.883170779799595
0.8836007593643768
0.8837115074500671
0.884070385522639
0.884396009855565
0.8844938968087015
0.8845880653754732
0.8848125135677171
0.8854264782578528
0.8860929826922891
0.8868660652859672
0.8868770091892746
0.8874113089995258
0.8875312395744085
0.8875466237560075
0.887582284239987
0.8878190554953148
0.888170787920627
0.8884943141638357
0.8886406269920042
0.8888406514294248
0.889443921520458
0.8899226420070573
0.8900423807100036
0.8900669019164231
0.8900929793545633
0.8906011255489121
0.890602806025607
0.8908074985995608
0.89086205707256
0.8909310670891111
0.8910505981320636
0.8916531618356656
0.8928917259698778
0.8929437689215981
0.8931521215316156
0.8931772159042551
0.8932005168160102
0.8937136437329621
0.8937554564385213
0.8938746289959631
0.8945686816930621
0.8948623543498299
0.8950864579180181
0.8950881235387679
0.8956214075973672
0.8957630687873587
0.8962564028820666
0.8965253872552363
0.8965286304641754
0.8966486239139009
0.8969090034485612
0.8973368619237482
0.8973930368646239
0.897426184832765
0.8975257631390658
0.8975408898235524
0.8976906058666889
0.8976968979462732
0.8979149964159856
0.8981590970392724
0.8982346804720893
0.8984025734984019
0.8987631689875137
0.8987951314056832
0.8989068506887312
0.8991225700775158
0.8991535038120577
0.8991725692866028
0.8992174634537883
0.8998023021731241
0.8999045900852273
0.9003194287631459
0.9004223734692681
0.900511695126543
0.9006320043558361
0.9007184017261589
0.9007885480654914
0.9012046067398645
0.9012327123078812
0.9014503459965963
0.9014724912716391
0.9016197963361594
0.9020039320596516
0.9022695750873264
0.9023086346715545
0.9026563362233714
0.9028117697082106
0.9028458733015214
0.9028475217247073
0.9028650352342021
0.902885301412596
0.9034523797973605
0.9040126705278873
0.9044680049741092
0.9046358174855597
0.9054474270147614
0.9062389893424202
0.9062462861922159
0.9063207039271769
0.9064405871295803
0.9065745320507727
0.9066681134962273
0.9068240484301274
0.9072105732423451
0.9073562140183101
0.9074161255819627
0.9076641428172858
0.9078925627576739
0.9081337812655801
0.9084126268704324
0.9084905014589174
0.9086437038835379
0.9093339787244848
0.9095694466276788
0.9099966805794073
0.9101632391735895
0.9104942000108718
0.9108468235691366
0.910910937219935
0.9110594100406587
0.9111174395219364
0.9112088092441051
0.9117509819498913
0.9120437119763058
0.9121437637258144
0.9121969991748208
0.9124803240025463
0.9126717066312253
0.9129061757788881
0.9129715135042198
0.9131462464222251
0.9133643107803516
0.9135223462539568
0.9138968275737503
0.9140537552871808
0.9141107384532053
0.9142436649790748
0.9145129903812936
0.9146089766862049
0.9148335801994621
0.9149761193783068
0.9152215990334428
0.915278259729666
0.9153026211404645
0.9154023026463665
0.9154362955641108
0.915565535009103
0.915665073530919
0.9157145439227146
0.9158566551119275
0.9159837185182033
0.9160025307895494
0.9160049766616103
0.9167031484220198
0.9168948790194358
0.9170787986441173
0.9184238322279801
0.9189454604070497
0.919085344935808
0.919093169128103
0.9192218901214794
0.9194199128788707
0.9195660362632682
0.9199940252002355
0.9201035906431606
0.9201921253143657
0.920218615197443
0.9202961964794506
0.9203985933560627
0.9206985934426689
0.920776586477661
0.9210070918267131
0.9212501229802975
0.9214518660593035
0.9215622716746517
0.9215733894623885
0.9216045742982223
0.9222967422534487
0.9225323720885589
0.9225806650591815
0.9235155204163703
0.9240919847049665
0.9251590695053726
0.925227918224349
0.9255170936718821
0.9256211268061402
0.9259285644744978
0.9261970960193171
0.927437197751885
0.927737134226126
0.9292708068237121
0.9299275422719074
0.9305040344069687
0.9311988036652813
0.9313672579423727
0.9315223235085147
0.93172395787554
0.931930225830184
0.9320622049021702
0.9324026900851439
0.9337259451692981
0.9342289511259827
0.9353926693529903
0.9356320743867318
0.9371690280313201
0.93786269540022
0.938126078715726
0.9385903395935031
0.9386445844035705
0.9389410141887612
0.9395308889151729
0.9396643241476978
0.940009522309671
0.9400593674360075
0.9400684108125109
0.9403575484757655
0.9407319493212548
0.9408331994770117
0.9411038528197239
0.9412779355588218
0.9418065301310333
0.9418914756087984
0.9419072964393216
0.9420890467148733
0.9422288185188958
0.942807807179803
0.9428416598804871
0.9429715939055842
0.9429890398749614
0.9430428784120752
0.9431126416003714
0.9431229566259617
0.9437926146427059
0.9442546084654382
0.9445204315607543
0.944624110698198
0.9451082722494004
0.9456888292887636
0.9464535322762047
0.9466606824984718
0.9466734395977938
0.9469052846542102
0.9469456053346865
0.9469728387282116
0.9470297605223271
0.948358892973583
0.9489801685780224
0.9490244426403482
0.9492502994803154
0.9493118811761813
0.9497484152816779
0.9498712403867653
0.9498878708635309
0.9499049994853889
0.9500209238469601
0.9525953821500736
0.9535051378857942
0.9539651152302668
0.9543001476300468
0.9544628457149505
0.9548062261007123
0.9569825518609391
0.9571682478043371
0.957285898718714
0.958068061220319
0.958225852590728
0.9589409827846409
0.9589762599919207
0.9594460312149383
0.9597140290166476
0.9599205975922537
0.9599939205553556
0.9600721726413121
0.9605536592740768
0.9615194932839942
0.9617148833385808
0.9619390646311892
0.9623033534462756
0.9627701985737865
0.9628575416799916
0.9629953667946854
0.9635685979721422
0.9638290130714108
0.9640940081017548
0.9646905305984576
0.9649310339907483
0.9651870713028609
0.9653274094937146
0.9653887720804794
0.9663391917932124
0.9667943086694645
0.9668243919631424
0.9668321928073473
0.9673281805656274
0.9677854154302291
0.9680269114159744
0.9681359632152542
0.968337879606865
0.9684197484586945
0.9692072386445794
0.9693893324308303
0.9695273063682543
0.969707017003851
0.9704033307146317
0.9704690353087422
0.9707818309955508
0.9739516635637675
0.9749574361184749
0.9750482732501294
0.9757557773172885
0.9760297177224863
0.9760709981460718
0.9761920946528472
0.9764255904123916
0.9768081360812392
0.9770325710702705
0.9774521975234656
0.9788948139049823
0.9815220624638493
0.9816921104490326
0.9822162441180586
0.9822645560844298
0.9824372503632197
0.982931607678148
0.9830044771534872
0.9831697783145065
0.9832921755932447
0.9832947258057235
0.9836442248407997
0.9839890167253807
0.9842415129879768
0.9848417297909751
0.9853596902530473
0.9854161226236509
0.9855670078183335
0.9860474158612719
0.9867505417563684
0.9868154899584908
0.9870518266930371
0.9871361984143084
0.9874354146004968
0.9874755016654632
0.9875206973815011
0.9884633304006802
0.9887558606351466
0.988875639520151
0.9890370535349172
0.9892071171602977
0.9898851143350419
0.989918989219236
0.9900750342193945
0.9902159335492738
0.9903000441929996
0.9903715216778848
0.9904851421537987
0.9905465637424709
0.9911850596763621
0.9925055547780366
0.9927882963336577
0.9954660022398252
0.9955778070391748
0.9974902826903872
0.9980876848586474
0.998737254954588
0.9987912465393137
0.9991120413789659
0.9992302458867435
1.0001237056736985
1.0004836752196884
1.0008619917309574
1.0010832050467706
1.0010916209225902
1.0013746190548096
1.0014479636017217
1.0014776882533252
1.001716059305298
1.0019910727671077
1.002316743899781
1.0023691511482253
1.0031777075440664
1.0035132860426945
1.0040123011945898
1.0045035271069778
1.004678116724709
1.0051010680227273
1.0053895002687596
1.0062688614409983
1.0065546861922636
1.006921919512573
1.0070659068463985
1.0078663126768068
1.0078753715838513
1.0083134735087314
1.0091716329463487
1.009197136184311
1.0097311229143866
1.0099503137632366
1.0103217735084529
1.0106641049347174
1.0110319700810964
1.0113459793432373
1.0127206873936379
1.0130948784150362
1.0131016554006664
1.0131868437852933
1.0134474760361643
1.0138476030538104
1.0138788584335807
1.0140662457977452
1.0143024215962178
1.0146176671394027
1.014709620082415
1.0152465530123398
1.0154994138018216
1.0158117135781575
1.0161602076394058
1.0164273175571061
1.016648564740651
1.0166713268812866
1.0171301903063357
1.0176554371340423
1.0176588331442336
1.0182265215116606
1.0187846091657755
1.0191929066925944
1.0194383373299674
1.019767605673544
1.0200207136763173
1.0203742969902845
1.0208171919964821
1.0208751010769554
1.0226118325445914
1.0229076379033446
1.0229792078604374
1.0231900988790423
1.0234559193614248
1.023519791321005
1.023808176240448
1.0240992540271765
1.0241569695092876
1.0241676788299685
1.0242348725653512
1.0243626606647538
1.0245026453518216
1.024929969066434
1.0250806606021245
1.0250884690937414
1.0254188031079683
1.0259706795093917
1.026281289307835
1.0265888498813174
1.0266466484872185
1.026676279987627
1.0272424061337806
1.0273575762539437
1.0273679464739898
1.0280779184764508
1.0282318299802442
1.0284419718989297
1.0284558754953728
1.0290636530452004
1.0296879166356883
1.0299001503756418
1.030004495604523
1.0304490333199534
1.0306484421858408
1.0307308655089575
1.0309865678208963
1.0311302533404603
1.03115653505485
1.0312723710922198
1.0315457889626658
1.0326316959905333
1.032810349977444
1.033056726205452
1.033595744515338
1.0341402134452962
1.0344182883012358
1.0345021363807603
1.0348527075188678
1.0351830225843772
1.0352936301459679
1.0353322709292359
1.035443818769577
1.0354778359953842
1.0354937050060957
1.035719976153034
1.035790707907244
1.0358638520025543
1.0358821346731588
1.0360154608188286
1.036162840496751
1.0364167221153318
1.036523942766859
1.0367510424536364
1.0370429173921312
1.0372202591390598
1.0373631856692438
1.037476982368795
1.0377993311452047
1.0378355138268567
1.0378692444463289
1.0382254365802275
1.0382492054730958
1.0389118525847088
1.038929459759872
1.0390187175721266
1.0390347710197048
1.0390535842871635
1.0390730314276482
1.0391234268641159
1.0392143144208812
1.0394221915922326
1.0395443461942806
1.039545210051464
1.0397314430182345
1.0397800172757914
1.0397813110507088
1.039868936038971
1.0399973199648878
1.0400619924667134
1.040146788536566
1.0402201102663242
1.0403861849197449
1.0406430871189114
1.0407543622614819
1.040971028616743
1.0410638663224396
1.0410902350725109
1.0411586797170829
1.0412229722714303
1.0412821715045368
1.0413866529561857
1.0414020532739505
1.041742486613499
1.0418996134525245
1.0419033244638822
1.0419793992889474
1.042110802500288
1.0422104459663
1.0424423095594288
1.0425184811517991
1.0426639640504105
1.0427243033634668
1.042879411533857
1.0429182346694659
1.0429324100161126
1.0430470613061
1.0431398446445626
1.0431736517481127
1.0432128961060678
1.0432617337337635
1.043356353050992
1.0434136008140225
1.0434383556791507
1.0439176455951933
1.0440569764485035
1.0440810233273066
1.0441504354169135
1.0442100958638583
1.044216262688473
1.0442260981662772
1.0442761553712037
1.0443716763527948
1.0443991191885778
1.044446068896573
1.0447869454953278
1.044831280835337
1.0450183373752853
1.0454487062592541
1.0456607401875035
1.045779352083594
1.0457902857044197
1.04579134981262
1.0459500915803404
1.045957003683436
1.0459896547833993
1.046029605834424
1.046221729589922
1.0462507042659528
1.0464476371773452
1.0465146299679347
1.046883805553802
1.0469927497704734
1.0470543845413138
1.0471292142662247
1.047419802140606
1.0474478546733743
1.0475260320435458
1.0477836437972563
1.047832667417321
1.0479253157763064
1.0479467435962833
1.048130673483799
1.048406100207329
1.0485600344507577
1.0485819239901366
1.048959740566823
1.0490159407194593
1.0491979744228186
1.0494743675608482
1.049674865313733
1.049760745616683
1.0498842218130082
1.0498931021656976
1.0501002718815444
1.0501374243776018
1.0502248566126549
1.050239009621517
1.0502605610414457
1.0508356152372489
1.0509731756846612
1.0514212866462478
1.0515989908078411
1.0516617436028648
1.0517412908168458
1.0517470630083
1.0521183416409596
1.0521953279417033
1.0525489787730573
1.0525761360115984
1.0528538357081807
1.0529610834964145
1.0530069032984377
1.0532207622501384
1.0533415180529753
1.0533773799195019
1.0534575997453766
1.053538114779839
1.053673677601987
1.0543931519587884
1.0547312614731046
1.0547397046680889
1.0547443448280458
1.0549292677226627
1.0549623272180324
1.05507499209571
1.0552059727739007
1.0552073400948219
1.0552929387946606
1.055384155188438
1.0557505105658451
1.0557918392609384
1.055802120196917
1.055860752370989
1.056092993989059
1.0565135392757132
1.0567435112970385
1.0568689184180415
1.0569322192382056
1.0569902404811164
1.0573214426813786
1.0574455378758074
1.0574602349055395
1.0575559030929647
1.0575804619212097
1.0578329583875932
1.057945857965848
1.0580131574981613
1.0580414709007406
1.0582197160977576
1.0582470826835593
1.0584496870349778
1.0584590464611696
1.0584980208556742
1.0585896605616536
1.0586989246092555
1.0587199324926997
1.0588228308796905
1.059027569324915
1.0593397074785125
1.0594403352929187
1.0595303819358526
1.0598328755542477
1.059913152575781
1.0599398101283897
1.0599707703136283
1.0600417236811421
1.0601468139204082
1.0601653539515037
1.060171168221001
1.0601855302949468
1.0602806133131515
1.0605617174814876
1.0606042136953813
1.0606396359546257
1.060668233217576
1.0607614344958907
1.0608377509131965
1.0608839318302925
1.0609394639733494
1.061081402093033
1.0613261167554284
1.061439247125108
1.0614560737604084
1.061480313270533
1.061540802496115
1.061602063460473
1.0616912541636967
1.0618773613472836
1.0620544388964832
1.0621907172159621
1.0625346215798461
1.0626835753256219
1.062762683120439
1.0628264529706264
1.0629460873441539
1.062997366901421
1.063266939783086
1.0634102487391999
1.0634403130239898
1.0634626666494391
1.0637907740275903
1.063939185909428
1.0639939816470176
1.064183629375671
1.0642562031591214
1.064483881586397
1.0645082616550698
1.06466793153893
1.064789106469664
1.064816054296931
1.0648173894465953
1.0649377256573467
1.0649392191267821
1.064985939166808
1.0650667148804982
1.0651337845049451
1.0651499090072751
1.065237165854533
1.065266829211204
1.0654186738755422
1.0657217210002208
1.0657630694984839
1.0658923289090771
1.0660196470032846
1.0660619436458447
1.06614446344088
1.0664022177651913
1.0664335482596146
1.0665376010930923
1.0665903200919105
1.066605498222112
1.0667982126661617
1.0669485660274705
1.0669630981668927
1.0670273163280781
1.06705822195322
1.0673954043922391
1.0674627224903108
1.0676046677082371
1.0676088017911283
1.0676690850614063
1.067695909655398
1.0676995045480016
1.0680486933314997
1.0682704493474746
1.068327703262783
1.068393112807815
1.0685706953800382
1.0687155881104642
1.0687405596719257
1.0687998640974994
1.0689884105301268
1.069038204673033
1.0691432864611394
1.0692506337563166
1.069323716633074
1.0694380719376246
1.0695495840909945
1.0696652673152978
1.0696843658568882
1.069727183088337
1.069748766068862
1.069817725256656
1.0700192882283823
1.0700741293254088
1.0700840011499348
1.070113835146739
1.0701545440943339
1.0703075960981685
1.0703980438823013
1.070856544802228
1.0708916005981632
1.0710305464034027
1.0710725222536235
1.0711661684644478
1.0711738378319384
1.071381546081972
1.0714323829446257
1.0714422875133842
1.0714452134091155
1.0714611215899403
1.0714689771825265
1.071653080736862
1.0717114058037256
1.0717426994875983
1.0717668943458407
1.0718831701050067
1.0719129325915793
1.072053334364602
1.0721260073410457
1.0722174565308276
1.0722431365333491
1.0723817071494848
1.0723976999142861
1.0724496074836392
1.072481406425515
1.0725255117298476
1.0726486533081503
1.0727487412420265
1.073199191662494
1.0732112140332708
1.0732984224569855
1.07336386091702
1.073385375522828
1.073431135686345
1.073537539689167
1.0735451701868226
1.0735792454594233
1.0736041406324155
1.0736424897725552
1.0737650559840244
1.0737798170177009
1.07387579762916
1.0739240745558556
1.07407095959634
1.074192519218397
1.074196016430934
1.0742039192275934
1.0742085868521067
1.07423153596454
1.0743729790230332
1.0743940508249599
1.0745136565956226
1.0745934680802458
1.0746261154139776
1.074759453186162
1.0749880204117412
1.0750184585644957
1.0750217370306325
1.0750893306585934
1.0751488480037756
1.0751941985427755
1.0753378941237755
1.0753476544524514
1.0754069204061445
1.075432699333828
1.0756441098746496
1.0757055543893923
1.075754406481519
1.075804044589526
1.0758873081771692
1.0759544768465492
1.0759962998570893
1.0760282524930374
1.076152437512412
1.076243522631783
1.0763250890884621
1.0763276191580542
1.076389265674941
1.076437673436168
1.0764912880032793
1.0765564632434743
1.0766083651995377
1.0766216808317823
1.0766631426883455
1.0766734416962653
1.076693031358502
1.0768354816022885
1.0770083922737825
1.077033213883578
1.0770805813108655
1.0771331259226826
1.077145079674641
1.0771962377882585
1.0772688676708058
1.0772707672547595
1.077317205320776
1.077456550676
1.0774712522263559
1.0775231933694613
1.0775306804065607
1.0775654138249515
1.0775936866938947
1.0781673279348325
1.078249877447901
1.0783183965729342
1.0783448647552039
1.078357438177538
1.0784130139778394
1.0784664286997476
1.0785119193098294
1.0786023672315224
1.0787128915727695
1.0789593071988939
1.078960422902342
1.0790278378541498
1.0791177556472094
1.0792890708413452
1.0793016558512827
1.0793608945209372
1.0793737714966736
1.0793909863931856
1.079460528203762
1.0794816112360972
1.079590933925847
1.0797232973917656
1.079789141317282
1.0797998314073423
1.0798357993685317
1.0798453484989805
1.0798910009440978
1.0799009593517963
1.0800607000049665
1.080123835110153
1.0802119658773053
1.08033773203445
1.0804266278144186
1.08050282096872
1.0806256498651985
1.081007664744307
1.0810488827802065
1.081056919319963
1.0814272231391033
1.0814733266726206
1.081484054822981
1.081588005205274
1.0816431186010935
1.0817260849361734
1.081730760143354
1.0817648237285404
1.0819211538262525
1.081938023194371
1.0819637806443756
1.0819756508448801
1.0820870688359319
1.0821284204934873
1.0821860112681727
1.0822790830446658
1.0823021440160172
1.0823205258455146
1.0823783918596475
1.0824291235453147
1.082457739142705
1.0824810778913834
1.0824954799816566
1.08251744630694
1.0825283934128205
1.0825790597539744
1.0828441385673564
1.0828702085703328
1.082919599470691
1.0829241100043088
1.0829299166416833
1.083185715712623
1.083215432224906
1.0832484803995732
1.0832570939513066
1.0834290394285533
1.083454310962377
1.0834545238080495
1.0835843411746484
1.0836117143524906
1.0836754078917454
1.08375730785247
1.0838074238965365
1.083813896068396
1.0838296213140595
1.084021849310957
1.0840497004424248
1.0840757086892945
1.084135282789099
1.084135671761506
1.0841379265543032
1.0843363040206973
1.084399320947025
1.084570422880242
1.0845871437767918
1.0846010885629165
1.0846108299834254
1.0846805472344059
1.084695151865927
1.084854568386825
1.0848680021142683
1.0848735415378556
1.084907389009278
1.0850335779821538
1.0851087782305109
1.0851174751746682
1.0851758333797543
1.0852589982475618
1.0853254316506316
1.0853532086700712
1.085402719638544
1.0854277913465324
1.0854499833622682
1.0855045180362173
1.0857211580767478
1.0857881430517633
1.0858554328653396
1.0859629981707493
1.0859960776026767
1.0861135319291297
1.086151117101476
1.0862689090474182
1.0863097658954597
1.086458142453492
1.0865515270729915
1.0867511775688345
1.0869191954160324
1.0870066213274912
1.0873170370942369
1.0873401553767525
1.0874304916751123
1.0875341962199163
1.0875385286263035
1.0875466166580132
1.087598880798988
1.0877139933201863
1.0877267285186565
1.087729823022733
1.0877631923766728
1.0879775089755321
1.0879970609001484
1.0880873405508724
1.0881608175600932
1.0882468114457196
1.0882841593659525
1.0883405071130023
1.0884511292445922
1.0885906690924492
1.088675017150755
1.0886998899709555
1.0889019015400867
1.0889975623709889
1.0890753054354616
1.0892474783580517
1.0892763663486544
1.0893191122014516
1.0893191864757206
1.089345790219339
1.0893723654133747
1.0893731523632852
1.0894133628002904
1.0894664083500887
1.089475307345697
1.08955662010957
1.089646009240136
1.0896650365478364
1.0897282901299354
1.089760084479571
1.0897741816812687
1.0899189657054842
1.0901062394262417
1.0902061225174693
1.0902133386686583
1.0902850844512797
1.0903742416401978
1.0903750183207652
1.0904772761297818
1.0905436937956055
1.090544572855071
1.0906170788372573
1.0907604516273375
1.0907774521253633
1.090778542352497
1.0911293563067488
1.091289021246422
1.0913778198944406
1.091399601914076
1.0914177581853395
1.0914337477234828
1.0915681945451283
1.0917061978670048
1.0917867147014788
1.09183147462043
1.0918732094258974
1.09189766511559
1.0919374512274915
1.0920295551216024
1.0921700154994807
1.0922230063544334
1.0922857339542438
1.0923053698627696
1.0924908679220016
1.0927156807775338
1.09274572883888
1.0927818451929157
1.092884004085361
1.0930862308180194
1.0932426091862681
1.0932480282489931
1.0933120321837746
1.0934438803786737
1.0936047046722508
1.0938041170358477
1.093810894933305
1.0939773296479232
1.0940160204340763
1.0940752753899516
1.0940774288525943
1.0941505482696887
1.0941572921784015
1.094287853258203
1.0944830474163647
1.0946011823007278
1.094671777431296
1.094783062293214
1.0948662368174193
1.0949941157996468
1.0950411878013395
1.0950604973944922
1.0951194850143238
1.0951630044205152
1.0951876670202179
1.0954127646764777
1.095547493972006
1.0955779980690303
1.095640882744055
1.09570936761962
1.0957439073262403
1.095774642525326
1.0959374812970526
1.0960825721058098
1.0961259581429796
1.0961404148310885
1.0963363121806997
1.096617227941698
1.0966247772604618
1.0967335051366445
1.0969517041130463
1.0969610132926197
1.0970955912183853
1.0972629691268518
1.0972963628881602
1.09740997176479
1.097497043906176
1.097623948808989
1.0976703957126497
1.0978934977695303
1.0980259429416608
1.0980389470239988
1.0983657648879201
1.0984049902600759
1.0985456580316004
1.098639206669347
1.0986635078332525
1.0987056348095208
1.098760213717045
1.0988660891458135
1.0990852284354737
1.0990916146733944
1.0991346960023034
1.0991757084873846
1.0994000433505964
1.0994630662634526
1.0995559581889323
1.0996043437677796
1.0997299214744147
1.0997428915423073
1.0997809408911998
1.100044570879736
1.100103037846244
1.1001415963409868
1.1003620829213867
1.1004965143546763
1.1006811166297827
1.1007454191434112
1.1009698336440787
1.101073463288531
1.101132378777157
1.1014421463451447
1.101494636967898
1.1015451493743067
1.1016380257478087
1.1016423533119837
1.101723948191805
1.1018595215484774
1.101865866211908
1.102249813441509
1.1025588921091327
1.1026097617855013
1.1027113433421347
1.102724122663331
1.1027815992674534
1.1029433511677564
1.1030641948059725
1.1031459307965137
1.1036109412967823
1.1037659142486196
1.1037777197102652
1.103809464733857
1.1038189247873493
1.1038918454481048
1.1039066618535327
1.1040931085032084
1.104418940467399
1.1044619456045481
1.1046522211031098
1.1047318483741968
1.1047382125007714
1.104740107293918
1.1050235873001146
1.105046206692905
1.1051991792704912
1.10553756424936
1.1056144187993704
1.1056198334021585
1.105842746957822
1.105855639961951
1.1062261074550424
1.1063208684442916
1.1063849990069834
1.1064048401763933
1.1066960169176732
1.1067815643952779
1.106820812296038
1.1068691337164933
1.1068802706332077
1.1069909867429255
1.107179929481607
1.1072026164373003
1.107248387901423
1.1072620969538052
1.1073555458247668
1.1074474101797338
1.107507147258274
1.107622793583384
1.1076292593825912
1.1078283387745314
1.1079541243246862
1.1080222259727732
1.1080454214105295
1.1082633485408913
1.1083324997365354
1.1083421570474878
1.1085743113362778
1.108579061266432
1.1086242169254517
1.1088285189129417
1.1088874528583297
1.109014321349502
1.1091855240803605
1.1093585341432415
1.1093600507430423
1.1094525150621557
1.1094645021762768
1.109559989970376
1.1095753521775087
1.109702527081013
1.1098295662784192
1.1100969181388924
1.1101178498099764
1.1101658785200503
1.1101867636677232
1.1102574059148786
1.1103416927182135
1.1103781891084312
1.1104029378935203
1.1105262222847019
1.1106811370990937
1.1110058629800046
1.1110074885586085
1.1110740042367415
1.1111569063972897
1.1112062570209493
1.1112967992896912
1.1113034350506579
1.1113582094433176
1.111416601785119
1.1114547765602176
1.1118308097985463
1.1119215397867328
1.112138332920898
1.1123169929077696
1.1123498723685565
1.1124307102360107
1.1125752907761628
1.1128207421696124
1.1129497021183876
1.1130248709453143
1.1130542958529592
1.1132143717460903
1.1133783551205958
1.113520434109773
1.1136261083616925
1.113913761508256
1.1140566536761394
1.1145051973805655
1.1146902361073583
1.1152812632439664
1.1155618834802652
1.1157033945843466
1.1158150381048189
1.1158319769680363
1.1158483665061767
1.1159311247989143
1.1160360192229417
1.116111122028239
1.1161831560576418
1.1161943271762798
1.116220522619722
1.116374803134683
1.116407581587027
1.1167757002059844
1.1167851298116922
1.116893465987073
1.1169058990520382
1.1169508695853276
1.1172147642998769
1.1172402749849355
1.1173003842715483
1.1173144821231997
1.1175672098105558
1.1176940060021403
1.11770845678539
1.1181295815960974
1.1182922096706127
1.1185785056496373
1.118632588946438
1.1191576930663298
1.1194089822071205
1.1194586275354672
1.1198581073173457
1.120025559766074
1.1200301730326034
1.1201169849272312
1.1206647557895775
1.121133165620627
1.1211427106439926
1.121158498586005
1.1215228562984938
1.1217223043062077
1.1218716093454675
1.12199261487325
1.1220184075779722
1.1220662717415635
1.122104686014996
1.1222230932551778
1.1224186921239938
1.1224332005795212
1.1225427512758739
1.1225839567225218
1.1226273096155388
1.1226512561863804
1.1227299345727944
1.1227580811304716
1.1229582987476385
1.1231213312719557
1.1232653408630489
1.1232735286412143
1.1233157225556802
1.1233846768417892
1.1235044746083176
1.123535383347089
1.124343194864701
1.1244054418309883
1.1244071414278498
1.124934156746228
1.1250949436956899
1.1251379200516098
1.1252173657966338
1.1253036833802839
1.1253152205512218
1.1253543627969387
1.1253558326867443
1.125379785759834
1.1254330774535986
1.1254849918576506
1.1256044855251661
1.1257509665015655
1.1260950400338743
1.1261607014279007
1.1262631266363652
1.1265411852669884
1.1265674963189227
1.1267054220263568
1.126754004535924
1.1272597866942073
1.1273963902484572
1.12743293490417
1.127446218881336
1.127540332320601
1.1280362218540376
1.128415074993225
1.128512712706354
1.1286604585420281
1.1294077739713864
1.1297041466731268
1.129734564883023
1.1300296891631143
1.1309428459122735
1.1310241680789828
1.1311461386288149
1.1316982383880785
1.1317733961779204
1.131844567761819
1.1321924836561774
1.1324740506648825
1.1325112773170496
1.1326318634611663
1.1329123257710574
1.133360911343146
1.1338969749414465
1.1339525355704583
1.1344413420940291
1.1344599033508762
1.1344702462330563
1.1345295704027205
1.134646531144354
1.13521634057132
1.1352416058045018
1.1354063264816
1.1355143568796138
1.1358166420461464
1.136146060100549
1.1364871329239954
1.1367868670369141
1.136864136475904
1.136915578062439
1.1371645548027132
1.1377812930400737
1.1378854524004196
1.138202872379113
1.138291968746802
1.1383350770780551
1.1387883267562324
1.139040291465253
1.1391239686699621
1.1391646428793374
1.139761142151294
1.139946326824816
1.1405407847720779
1.1419765604008987
1.1430867739035977
1.1433450658449957
1.1439696453058075
1.144984003456297
1.1455184442134172
1.146533747534343
1.1475551097144612
1.1481870190534007
1.1483474719840816
1.1491525308086112
1.1492024021778657
1.1492373857986402
1.1495368930597023
1.1497062624743433
1.1497492938355707
1.149766752702003
1.1498141945750553
1.149824984859102
1.1499146240551956
1.1502000241903645
1.1516893736983422
1.1517453831350781
1.1520588428046767
1.1520920569725237
1.1522438981371912
1.1529477750444972
1.1536643025138857
1.1541816983351783
1.1548723718282183
1.1548776366041749
1.155200023616978
1.1555621658008592
1.1567728316761414
1.156971721255062
1.157546410280941
1.1588368555179824
1.1603216393111377
1.1622154691552655
1.1623073917454176
1.1635988623084688
1.1642826877694759
1.1645874655750925
1.1676433742955932
1.1684310067031722
1.168509026030617
1.1685322906760576
1.1687737210443419
1.168977300472449
1.1692954175183818
1.1696612438383076
1.1703057039074434
1.1707942177370525
1.172324254144973
1.1726115776494204
1.172952039343272
1.1737431024753577
1.1752601947806256
1.175571561695081
1.1764957933636178
1.1802886646921475
1.1815122921616772
1.1825067438087853
1.1879249959985851
1.1880590654170864
1.192552776660446
1.1947840644678265
1.195118907214763
1.1958112131801046
1.1979173466470405
1.2006464577740334
1.2037002204230873
1.2050127779170048
1.2052586299397094
1.2053043670918142
1.2100303383275604
1.2207192683875927
1.2207372696679766
1.2233593015214252
1.2261186899305483
1.2318461775113463
1.2410803256135563
1.2445189356183335
1.2476953179076224
1.2478358613015335
1.2510262433597026
1.2605786708402074
1.2607297100511838
1.261502228642827
1.2637204463824392
1.2674431453579722
1.2680563277819714
1.268473899783578
1.269065562099929
1.269933640909498
1.2706288993127695
1.2706400876073758
1.2711429508739547
1.2717979091014318
1.2725444240150086
1.2734455139867378
1.274816305747211
1.275124739869867
1.2754795288803236
1.2768294555358783
1.2769453949900753
1.278248919513571
1.278959166751133
1.2796773431859
1.281604127539266
1.282149619206626
1.2865546635660283
1.2870265613700365
1.2871199038634493
1.2885758720866236
1.2913245654275978
1.292883489765226
1.2940952050042753
1.2948913981995407
1.2958593114772086
1.2976754039184715
1.2987667696135001
1.2988919213311312
1.303968668378045
1.304830902215777
1.3058616481348693
1.3074200983958428
1.3109960284834679
1.3128942688535756
1.3170137409910851
1.319089505079526
1.3323394144466836
1.3636854110103054
1.3956307721890442
1.4219657962709942
1.4271120715387255
1.4591880798629369
1.4634887282623836
1.4655857456988752
1.478469804710113
1.4854850440486425
1.6425451695044408
1.675395622684123
1.6767174814996777
1.691343112956934
1.6982987159820482
1.6992024840825768
1.700633974786728
1.7029728312864236
1.7081099754909854
1.7087848621417718
1.708864706135821
1.7097248064494706
1.7103056207001395
1.7104736911491583
1.7109163020672753
1.7112191190501782
1.7116809156701562
1.71312427951419
1.7137491515168357
1.714652458556768
1.7174944786746533
1.7175829594471876
1.718419379994143
1.7188121682688635
1.7200833354623433
1.7204082603499193
1.7204295680285413
1.720831562533883
1.721346280186987
1.7214092697543508
1.722207061677009
1.72230904816422
1.7223364446103648
1.724588573514112
1.7253811909578167
1.7261582338503254
1.7266827740874182
1.7275777197718738
1.727843316587698
1.7288741127554494
1.7297724989610175
1.7300669352289257
1.7307691923011983
1.730831280463648
1.7310483423850815
1.731655992191985
1.7343935333857652
1.7345522979635595
1.7359490292499031
1.7359901439275434
1.7365736784000256
1.7367064870297753
1.7368893745473533
1.737123162341542
1.7375464091936865
1.7381849943041467
1.7385637115541892
1.7418010521146388
1.7418893335633396
1.7420865504457927
1.74242070393503
1.7431807009382634
1.7439516521047995
1.7443004106641202
1.7443755054006487
1.7452120425578814
1.7463837097636956
1.749870487840985
1.7504819217219978
1.7509692656291902
1.7516806023369393
1.7526654223415774
1.7527514095143595
1.755245919284971
1.755393661936923
1.7569236598979419
1.7569369885008181
1.7572127926616445
1.7572736634666823
1.7577825927801123
1.7602954893240892
1.7603207713885425
1.761006842268017
1.7618723532410627
1.7631615659219126
1.764618164969636
1.7655443149209156
1.765801516694571
1.767081207768467
1.7674629063964726
1.7679279212938561
1.768505353241794
1.7691153503192392
1.7691210357776048
1.7694966573983684
1.7697047152285434
1.7698625264654393
1.7702433896229524
1.7709379747277365
1.7717366353088833
1.7720803001168832
1.7725507971245849
1.7725597100679034
1.7729608182439844
1.7742644900319902
1.7745588445928002
1.774642658620564
1.775256953003371
1.7758248637368843
1.7770251120019112
1.7777156728817747
1.7780599047280388
1.7782596264031005
1.778739783164228
1.780131283677602
1.7802522832888386
1.78027487765783
1.7805645119712654
1.7809509864707034
1.7821820959112917
1.7831741581471463
1.783481009257739
1.783534068457001
1.7844992410036842
1.7847488789657036
1.785023649368597
1.7850840926101945
1.7852148333293598
1.7858150722982096
1.78627570184666
1.7866807950035792
1.7867416168769532
1.7869980461508619
1.7877738019486804
1.7878483450427443
1.7879784943705341
1.7882722500370842
1.788399850722601
1.7886126967838676
1.788626194438137
1.7892447999803958
1.7903775801257182
1.7904813692920227
1.7907342405557427
1.7909133866867526
1.7910587397216973
1.7912878493800533
1.7913222369028543
1.7920270608501856
1.792199906096821
1.792430794225772
1.7926873673036294
1.7932790146519377
1.793321045910742
1.7933377160788289
1.7938298790294478
1.7938415400474514
1.7940775901754429
1.7942091525371162
1.7950159526218912
1.7951487402826742
1.7953635043946907
1.7954680966069991
1.7967455753924737
1.7969455402176095
1.797156129441711
1.797255399956848
1.7974810488393322
1.798071127768732
1.7981546608035799
1.7984621952892477
1.7989245545191115
1.7990400068225383
1.7993459376155057
1.7995145930011625
1.799571996574237
1.7998521146920425
1.8000053086522347
1.8000369689273434
1.8004530638057286
1.8005504758035855
1.8008138547194352
1.8012558094680458
1.802483416768617
1.8027130004222887
1.8028083018285301
1.802875626927074
1.8031237644088207
1.803213800714979
1.8040649988742332
1.8043812320802888
1.8043818910248344
1.8044428650760236
1.8045123425983256
1.8045926121770244
1.8046803789413204
1.8062612976362478
1.8065713157652634
1.8069671203923834
1.8073355251173782
1.807406099014909
1.8077722909144087
1.8081369697742777
1.808150593057811
1.808282255685527
1.8084244398920013
1.8087147865844926
1.8087227149080982
1.808770422170756
1.808919894003157
1.8089749492164475
1.8092700911032373
1.8092820468579036
1.8094039848524646
1.8097171014481592
1.810222216663979
1.8103690683825477
1.8105904655516014
1.8106393085960775
1.8106719263346627
1.8107693971359085
1.8111967598194063
1.8124576224638362
1.812566537011664
1.8126856399117839
1.8130713915113117
1.8131540745632317
1.8138217395421485
1.8140806538952774
1.8141985863145702
1.8143237833007801
1.8146287695946102
1.814788809502681
1.815691186880835
1.8158537872883036
1.8164200708362888
1.8168190211013537
1.8168659696964111
1.8171792599666254
1.817478492557671
1.8174825780950485
1.8177213335588733
1.8179625733053095
1.8181207777459245
1.818596052062521
1.8189199113887002
1.8209309388193247
1.8217630967805778
1.822058963644263
1.8225766081141048
1.8226883387779633
1.8240628343886403
1.824225332144554
1.8246467758821867
1.8257204788886738
1.8265588501593364
1.8276284907162739
1.828111754697374
1.8289328085020626
1.8299231803515834
1.830455574276109
1.8309573744005565
1.8314005140778018
1.8323164733563442
1.8323206776445926
1.832549338499424
1.8330070778336869
1.8339390727061784
1.8351277167808226
1.8353102557968979
1.8356456906055725
1.8357789044264954
1.8361512598126914
1.8373225410080567
1.8373413323510883
1.8382399051722067
1.8387663535983978
1.839153523493159
1.8396755910879439
1.841396022820454
1.842611106210066
1.8427658699055869
1.8432117778600836
1.8432443833688466
1.843561094382112
1.8438073584430292
1.8438085426989685
1.8443417471194254
1.844394667438853
1.84491386582319
1.8463906551907598
1.8464664329182974
1.8465683703659
1.8469236475085693
1.8471576129015437
1.848135379800014
1.8484930553338592
1.8496558908640406
1.849731525714514
1.8499707826579566
1.8504241509480945
1.8511948740310877
1.8532701319229634
1.8536995781407917
1.8540180869341276
1.8554025262798859
1.8554029262840173
1.8560242836834504
1.8570912258407801
1.8577987154682274
1.8640205711796263
1.8705659307519373
1.871195243886498
1.8793861519239692
1.8836251064596286
1.8841104500498782
1.8849113082887827
1.8855621969051344
1.8855993914724836
1.8858035117405494
1.8863652817080063
1.8865789394092913
1.8879749342937522
1.8881200910168658
1.8884636327413442
1.8897440284602618
1.8902340565887632
1.890802636802499
1.8909367586114414
1.8910101221170303
1.8919608669710237
1.8943105398752633
1.894983299313006
1.898666113219282
1.898686811837748
1.8997629097577422
1.8998471211560337
1.9003838715677084
1.9008626824203856
1.9025412415415728
1.902829511146575
1.9031844855395137
1.903704970019818
1.9037542690447642
1.9052601566690013
1.905738900760343
1.9058404673552272
1.9059931772589316
1.906687836000372
1.9092902380088974
1.909982469429225
1.911184466163464
1.9115941717713036
1.9133971214322827
1.9137037053133663
1.9138013636572848
1.9178172673225842
1.9204164647879014
1.9232503549601803
1.9253437495092027
1.9275914170149466
1.9282122327263198
1.9286085164767308
1.9294674061510124
1.930841608100101
1.9312328857225995
1.9313825771749764
1.9346606739067476
1.9367230334641141
1.9391923148680177
1.9394486901237222
1.939898312000422
1.9435685545733383
1.943815810368654
1.9439323461254014
1.9439530416461273
1.9450466259576857
1.946032675235692
1.9494428961740484
1.951799713052063
1.9539581737448328
1.954216774900702
1.9545137985590644
1.9546161689575288
1.9563966420645917
1.9582443623605106
1.9587419145233123
1.9590782408522847
1.9591221816788642
1.959337446406675
1.9593631417981
1.9596454026148769
1.9597374937655603
1.9603329763848574
1.9622273831587072
1.9625782339271967
1.9647047934360158
1.9660102531618966
1.966454397435564
1.9674291208301808
1.9684164585841164
1.9684837240973558
1.9701539433018886
1.9715306688897407
1.9722788960052653
1.9723730311521368
1.972940411694654
1.9764928223053813
1.9764928223053813
1.9772583058438382
1.9775910258987908
1.9775910258987908
1.9777372842829881
1.9801956565701866
1.9803722954720266
1.9808093743579185
1.9810177288986335
1.9839770402634298
1.9844978769195893
1.984545606670395
1.985744866000802
1.9864632161082938
1.9866917731967362
1.9866917731967362
1.990232754448713
1.991903000204282
1.9958901427252878
1.997519857407309
2.0002231315486
2.0010596279019746
2.0031695970652525
2.006477652730045
2.0092881800061804
2.0092881800061804
2.0096091068118387
2.0096143842815817
2.0103409861967734
2.0103409861967734
2.010646069646838
2.010646069646838
2.011642721967842
2.011642721967842
2.0138134133972714
2.0160985414872097
2.0208409140013943
2.0208409140013943
2.021025226339828
2.021025226339828
2.0229681400305095
2.034129714285329
2.0448287153691638
2.0459564522265916
2.0466769800408553
2.0490471047628414
2.0580204375844464
2.058372246271715
2.058521677455644
2.058867836878381
2.0642247769741764
2.066483041727029
2.0676316150154594
2.0685931212958164
2.068959313479528
2.069079491816841
2.0716185611294247
2.0717455946006305
2.074587875438612
2.0776957680981436
2.0785440959865666
2.080342946551457
2.0807378174994002
2.0816486122196927
2.0817605846687055
2.083173611173767
2.084284418747408
2.0876361038509907
2.090900934885144
2.091231927471409
2.0960292182834994
2.0961583807865503
2.097214283776968
2.109034116322719
2.1109233634504565
2.1132220052137543
2.1213196786947206
2.165863248097159
2.1688423163312356
2.173125534456163
2.194255760873119
2.194257051515438
2.1949183964186667
2.199066316657611
2.2024902861115727
2.209364526247201
2.2179283375159007
2.224031401812331
2.2267721227070485
2.228357637717971
2.2291846262098676
2.2336231058780647
2.2337316516745953
2.2339178711959695
2.2341348818589033
2.241262802065601
2.2413545144785076
2.241955434248136
2.2432731212992225
2.244168838272095
2.2467329678644483
2.2476937427676584
2.24895268443492
2.2512079949574804
2.251828327429644
2.252186582903805
2.2547545700790423
2.25479342939626
2.2559211002029
2.2573784685037075
2.2586417032711386
2.258645215462472
2.2594978798901226
2.259574085018546
2.261011981977229
2.261380336884929
2.2615121517456247
2.2620285298576612
2.262879259673288
2.2640449463868193
2.2641416132885968
2.2642612004249223
2.2651712614804747
2.265301760021414
2.265786024119441
2.2662501896060325
2.2683238375738624
2.2690984935161396
2.2699588015155014
2.270216681944172
2.270272127603172
2.2731167532022822
2.2756416135473323
2.276513870504975
2.2771707844287086
2.2806862442917555
2.281689773940564
2.281741971702619
2.283128741672984
2.286512819852128
2.286881504851249
2.2890434212117157
2.289142689408809
2.2906575294572
2.2906619681707094
2.2907030142752314
2.2918044511795084
2.291910993945855
2.2919916192004424
2.2921055448634307
2.292797877196498
2.2933583465469507
2.29337778501294
2.2939485497096164
2.2942285957297215
2.2963771265695034
2.2965831583563503
2.296731590738649
2.297520753019501
2.2975305566865365
2.2977839189663634
2.297856209027563
2.299313049580708
2.29949309988093
2.299537614623797
2.2996146170232334
2.300189229717699
2.3002471090196215
2.300343342813591
2.3017352054707083
2.302082446331727
2.3024508875229603
2.3036111987121575
2.3047861471838864
2.3049932094673986
2.3058621186193444
2.3060956700774597
2.306405361666757
2.306855895498
2.3074630233262536
2.307493485581142
2.307662135587026
2.3081743242175308
2.310516607279437
2.3116567306795464
2.312103919837777
2.3129551822040213
2.314154639113237
2.3142308580341493
2.3149599034917188
2.31501885228989
2.3151628521856424
2.3165811076086387
2.316949777292401
2.3171531214084222
2.31763431189517
2.317979460431721
2.3180518435933433
2.31821884640583
2.319130902315452
2.319538516768009
2.3197294232194596
2.3200024816055134
2.320071828672102
2.3206890067063983
2.321229925912184
2.3216888163251803
2.3233145370448143
2.3234130829494277
2.3236654028898713
2.324522427354542
2.3249081054662164
2.326094090157465
2.326148679345417
2.3262295730203957
2.3273465501443895
2.3277249952194343
2.3277348700822693
2.3284494798183912
2.330124369864299
2.331198346799673
2.331549961948701
2.3321773646424826
2.332185299791966
2.3329609766550536
2.333071218744416
2.333787582867903
2.3345881544287397
2.3357263387230423
2.33589670418362
2.3361895504111203
2.3364306399239156
2.336489529845478
2.3367366599655948
2.33731089385998
2.3373788363279786
2.3376176118766265
2.3388825387737673
2.3406128395936983
2.3412101499393994
2.341668682078567
2.3435993834437174
2.344687243448374
2.3457818536337434
2.3458613623383373
2.345881396214604
2.3475608840271853
2.3478682086231326
2.3481610505681645
2.3486066422558864
2.349113123815348
2.3494214918657157
2.349477982023404
2.3500388851047918
2.3501392709823685
2.3513373202094066
2.351578597439294
2.3516829079192667
2.3525122968821472
2.354057360211903
2.354622083853112
2.3547730290387174
2.3558005220742237
2.357608739916408
2.3589857268084917
2.359629250923185
2.360141414975651
2.3602125796465447
2.3603318075095134
2.361454385720731
2.3625597466338073
2.3626554151597086
2.3626968803437376
2.3630546699641104
2.3632319739222827
2.363735000241558
2.364064451006433
2.3643931391859874
2.365353455686887
2.3655059089938533
2.3659866106431764
2.3664703932911153
2.366701305461162
2.366755470915167
2.366776809960264
2.3673425042122074
2.3675529454736406
2.3676924147908274
2.3679607088842736
2.3696495801375383
2.369733286231647
2.3700948113690696
2.3706606446484635
2.3707722557449302
2.3713999529667773
2.37145515004523
2.371988463571348
2.3720190707107016
2.372559384432834
2.3732506210637148
2.3739369395329466
2.3742357004261603
2.3744243006544354
2.375190073516396
2.376301079209667
2.3763538381634373
2.376752021482324
2.377493304514722
2.3780943728937385
2.37823478262406
2.3784599166954337
2.3785063307376797
2.3787952788934494
2.3788047377582267
2.37888111331984
2.378943300145059
2.37918513259753
2.3793830110105954
2.3799796534465445
2.380409307951933
2.3806353540269805
2.3808510715586366
2.3824036610909576
2.382996545718215
2.3830467685366377
2.3831303535336836
2.3832050855704185
2.3835759776967
2.3837204224496
2.383775848328
2.383973161283941
2.3843944266407893
2.3844731057198625
2.3845761053719543
2.38457796491872
2.3849539188542828
2.3851780459090794
2.385501821139006
2.385773097788659
2.3859878772571506
2.3863772113328734
2.3868971522880886
2.3871254209837454
2.387268613733596
2.387329321797303
2.387776055574876
2.388281288847268
2.3882820937155276
2.3887753183497433
2.388828029079049
2.388846775394754
2.3889634432111384
2.3891959579969786
2.3892977359130327
2.3904547668037814
2.3916874355269324
2.3917212527396186
2.3918699850131744
2.3923190131660776
2.3925361068496525
2.392815553898251
2.393592249821256
2.3940734574750095
2.3940901879955745
2.394626825107908
2.3947544147744284
2.3950062805583516
2.395693132311536
2.395710805250584
2.3965958505406912
2.396679605062253
2.3969072860814107
2.397316015928607
2.397340982227017
2.3976318450580916
2.39817111755391
2.398379889915325
2.3995962912508353
2.3997166427037864
2.3999082380209757
2.400049182364357
2.4004333951011176
2.4006846380609157
2.4010571506868335
2.401190884290777
2.4015494136201383
2.4020825386734175
2.402244418441716
2.402427810224583
2.402471625123407
2.4026732883979642
2.4026793524212158
2.4033698453523873
2.4036727885190547
2.4045722544573747
2.4048661900966373
2.4049750981682614
2.405779311402769
2.4058026824562844
2.4058451612277225
2.406223149235596
2.4067408327167636
2.4068901485281384
2.4084134228689456
2.4084349905871947
2.409023395642537
2.409738287989818
2.410158690240885
2.4109081101675214
2.4109237024055297
2.4111265147518672
2.4111523015739276
2.411878536144584
2.4120031687090924
2.4121083211094922
2.4123130637249903
2.4135523139452895
2.4137716210986393
2.413901881070843
2.414444496162176
2.4147479069547306
2.4147746555356564
2.414778795276381
2.41482139698881
2.41497548601464
2.415139107481617
2.415350314425567
2.4159640516989493
2.4160604466943196
2.41647320529325
2.416476261458147
2.4168511195539244
2.4168879700278287
2.4174552509847693
2.4174838976457727
2.4178674604920927
2.418260555713341
2.4182924339809304
2.4201633831196236
2.420354497051746
2.4213165249627098
2.4213570250972913
2.421597349618387
2.4222527316820806
2.4222709091366825
2.4223579078153072
2.422461282924565
2.4224642506001386
2.422587757168683
2.4226934647021015
2.423123986646268
2.4231331118445536
2.423133572876159
2.423135758353796
2.4231568252692086
2.4235346313345807
2.423864752778966
2.4238980580974525
2.4248141431394568
2.425265006286825
2.425675142638699
2.4264959615058888
2.4274042142661147
2.4277509338528316
2.4280081801307984
2.428159551006448
2.428243447684877
2.4286557830368123
2.4290085068999594
2.429232436907083
2.430450107091493
2.4305410679669595
2.4308656082694147
2.4308852216642225
2.4311490367703152
2.431224159921607
2.4312786644018995
2.4315936915769223
2.4320232449363925
2.4320316775775135
2.4322893903193843
2.4329277993932172
2.433616136834182
2.433798104362207
2.434059080700303
2.4350593361643127
2.4352030303679135
2.4352409778902113
2.435354978155077
2.4356481070782188
2.435738346047598
2.4359690051125993
2.4360451005739927
2.436087219819591
2.4367248374047334
2.436952217288229
2.4369889019145305
2.4371181245186597
2.4372236815435513
2.4373931989069466
2.4379033915895483
2.438127111042774
2.4381953977927395
2.438618806191307
2.439014906078556
2.4395168832050067
2.439688916939055
2.4400346230253067
2.440207757131798
2.4403532917386155
2.440828345833668
2.4409914333944935
2.4411487321771728
2.4416480358536745
2.4419369230053873
2.4420832386844036
2.4421192558143963
2.4422108951227015
2.4422670626902794
2.4426057008155637
2.444055975037882
2.444900453133311
2.4451013280996294
2.445397393798528
2.4461937529057867
2.4463854438791275
2.447742729554433
2.4483990303658856
2.448740271673345
2.4488288326668943
2.4490533304638453
2.449450706413608
2.4498089726070504
2.449891886694183
2.4501666632576824
2.4505549207324333
2.450603071809303
2.450666236075385
2.450729787713391
2.4507341366928275
2.4512207268223167
2.4515966305483214
2.4518685510112426
2.451876630444995
2.452426395661073
2.4530162909564024
2.453431426788802
2.453528906291311
2.453582885780853
2.4538565788291096
2.454014146766712
2.454147894767891
2.4544211665074043
2.4544586215996955
2.4547373367951857
2.454745550366047
2.4550382001168676
2.4553027697130165
2.455321701401663
2.455450527307819
2.455584633233553
2.4556405906274974
2.4556784273975825
2.455786581630891
2.4560178565673096
2.456743943690684
2.457035611372439
2.45717217085489
2.45725220382061
2.4577836076823494
2.4578860252950516
2.4581871190982256
2.458651927240484
2.4587039778168065
2.458748033286003
2.458868126912808
2.459412647320738
2.4594459981017165
2.459894410726939
2.459910677146762
2.4600659641694653
2.4602438567241003
2.4604770139318948
2.4606082319216713
2.4617332592301757
2.4618226238964414
2.4623575440133814
2.4629385447296133
2.463000521967974
2.4630828043195137
2.463177271616375
2.4638167618969247
2.463849186542947
2.4643573382869315
2.46442608261663
2.464825250458281
2.465353038992427
2.465358779442348
2.4654720474867853
2.4656620126768813
2.465825806409123
2.4663089013818937
2.466389443809669
2.4664649024238967
2.4666083341469487
2.466647285909178
2.466737892838163
2.467284992929604
2.467759567309486
2.467790698773938
2.467880120330902
2.4679144961789476
2.468438960332852
2.4684556406973455
2.468653785756105
2.468688416793932
2.468935067784485
2.4694311718913444
2.469493824456014
2.4697561340338026
2.470017168983424
2.4700723752504303
2.471178391777526
2.471194295632885
2.471291626866172
2.471427554439079
2.472094473967351
2.472323664528289
2.472466321640934
2.4726220558747554
2.472717386242075
2.472812767607288
2.472829650255722
2.4729233021224166
2.473375343917493
2.4733811617333705
2.4736446169585986
2.473688633476111
2.4744312027325583
2.4745844094734797
2.4750115667366543
2.475108787228327
2.475138217218285
2.475490744911034
2.475491880593518
2.475604628847134
2.4757248283825106
2.476071502511699
2.4761584683661884
2.476456571058062
2.4764624729482696
2.476708706826291
2.4768260725899696
2.47684332432439
2.4768475489234647
2.476904431070319
2.476913809122711
2.477147048244328
2.4772324819105735
2.4778287151546947
2.478120236136084
2.478179815493447
2.4782157176855764
2.4782665699796413
2.478320113563541
2.478419259147896
2.4784333649444528
2.47852822934386
2.478605325140419
2.4786116731669554
2.4787951750461614
2.4788328798063457
2.478959526241444
2.4791153260248735
2.4792132218297915
2.4793407960706375
2.479346668515079
2.4795315801320315
2.479545987138357
2.4800109295605024
2.480127722149977
2.480192961837882
2.480229909642221
2.4808771210340606
2.480903217726444
2.4813093830905126
2.4814079483750664
2.4816671257482965
2.4822762023237446
2.4824059269286964
2.4824753020133943
2.48255001960594
2.482627109712962
2.4826538310583994
2.4827920253702733
2.4829344828644735
2.4831373903319927
2.4833402442906416
2.483371439219363
2.4834772345515077
2.4835771776446207
2.483630568754553
2.483787991558936
2.4840078420563256
2.4840192721134167
2.4841472786453203
2.484401225598629
2.484960010280239
2.484973925357142
2.4850049215725822
2.4855257891979954
2.4855732080408446
2.485583139579958
2.4858964032979056
2.4859476882576863
2.486130758076229
2.486203072180959
2.4865188889279364
2.486594207444883
2.486615175339322
2.48675493133682
2.4867733865409343
2.4868019426583645
2.4870181141769216
2.4873384047787908
2.4874624920911645
2.4875123727931987
2.4877265768903634
2.4878091048297706
2.4878294008671418
2.4881190406916582
2.4881541475904485
2.4882103912467777
2.4882604292011474
2.4883716316992484
2.4883891220924497
2.48839148725819
2.488429861351728
2.4884464614888455
2.488531022133418
2.488720871843925
2.488981508412283
2.4894976881256254
2.489524401666593
2.4897471557360378
2.490132296225404
2.4901865001657337
2.4902697004291805
2.4902865740485716
2.4909345796196614
2.491074735535649
2.4910845451361827
2.491085261072313
2.4911224292461065
2.4911333451874085
2.4912083962921687
2.4912461444011447
2.4913539890569356
2.491480304440911
2.4918888339116254
2.492054768333905
2.492489908483137
2.4925899917357603
2.4926002954157864
2.492733838844979
2.493543061656588
2.4936537717184133
2.493707144762832
2.494171361561275
2.494177259207966
2.4942552752920144
2.4943268978823254
2.494384992738574
2.4944883719241604
2.4946263448195083
2.495054821032858
2.4950852797095213
2.4951009711186023
2.4953358701860493
2.4953792319570343
2.4954892842867142
2.495493211698593
2.4955615063139436
2.4956254894978693
2.495633074483696
2.495700489961158
2.495880825096453
2.495931328222871
2.495995769275592
2.496046766901642
2.4962483065560965
2.4963035725906155
2.496948511700813
2.4969981871743414
2.497001654369263
2.497134472752984
2.4973420862467064
2.49765526534885
2.4977381176260574
2.4980606897434625
2.4980886735570644
2.4983822089801815
2.4984169431075864
2.4986770576038824
2.498694678698324
2.4987208815853617
2.4989077446338936
2.498970234676945
2.4990335354084943
2.49904717617291
2.499291561196242
2.4993170523631143
2.4993919029467886
2.499398342268085
2.4994081441984934
2.5001729222582147
2.5004523332193127
2.5005522255119046
2.5005843910767993
2.5008210865909644
2.500873968789284
2.5009051758606144
2.5009770486574343
2.501274779156761
2.5013237025127704
2.5016233047392578
2.501754367414905
2.5017649754890994
2.501865980777638
2.502012860071453
2.5021158180430416
2.502259808592357
2.502395745112441
2.502476907065047
2.502497301564635
2.502499884468296
2.502663176729774
2.502716114305308
2.5027750127686654
2.503019434552204
2.5030539702595354
2.503210336570183
2.5032599047310655
2.503311060895189
2.503330709577996
2.5033574316479266
2.5034245036528113
2.5034598525797858
2.503816536611825
2.504029446174029
2.5040791304871943
2.5043744780874797
2.504741361705525
2.5047612893099642
2.5047643593909408
2.5048829192682045
2.504921305160586
2.504987689325016
2.5051609815671125
2.5052782146584183
2.5052790611625224
2.5053778537293008
2.505506540283238
2.50587657253679
2.505977203793067
2.5061297511342797
2.506133081171467
2.506438886290341
2.506440324181718
2.506510182561888
2.5065382704862236
2.50655364055871
2.5067031428411712
2.5067844837950153
2.5072752327176167
2.507744338359018
2.5077809469710686
2.5078536777332014
2.508050559632009
2.5080839271350532
2.5081644707403137
2.5081811742867743
2.508196555010283
2.5083223786628714
2.5083255154694015
2.5083391512102975
2.5084950069420873
2.508508363111498
2.508552717126481
2.5086189473551097
2.5088631049906183
2.5088803306594727
2.5089544685253573
2.509075247805591
2.509153135701186
2.509167071078305
2.509206558272287
2.5092805093821027
2.5094001074994816
2.5095467968553806
2.5096462596807227
2.5098847697556073
2.5098885197194774
2.509935484660673
2.509966707573929
2.5100535653078055
2.5100586277328003
2.5100799941438825
2.510619541465938
2.510658674659729
2.5107224775064707
2.5108652977911214
2.5110806146797704
2.5111129256153677
2.5113954890132617
2.5114033460388585
2.511413971306482
2.511543407594738
2.51159325849513
2.511598677002329
2.5116077147921616
2.5116284251628835
2.5117379396675106
2.511904317581748
2.512222885214896
2.512253819357527
2.512362850491315
2.5124033340278915
2.512424977117069
2.512477086900726
2.5124792960195506
2.5127046679069096
2.5129817916388375
2.513130693352977
2.513179149023892
2.513220025087379
2.513253762785556
2.5134609461419593
2.5135896036828953
2.5135997263246237
2.513640994198768
2.5136410058205203
2.513730835140358
2.513797531232975
2.5139345154379584
2.513942100911212
2.513957024496484
2.514055659550188
2.5141278019927973
2.5141437246409795
2.514321631896741
2.5145351868501256
2.514633527581736
2.514921025547409
2.5151240624845643
2.5154076096827658
2.5154688471570372
2.5154726010140167
2.5155071933856514
2.515577695267251
2.515592191522984
2.5159493164782303
2.5161154942894997
2.5163716463624506
2.5165946024222685
2.5166242455122267
2.516627611598668
2.5166397245236776
2.51667544301507
2.516800611175507
2.5169431438960976
2.517016071504005
2.5170284583209956
2.51718699630277
2.5171894433618003
2.517236038203253
2.5172603291517843
2.5174017430489144
2.517404028136419
2.5174403130566216
2.5174898952028517
2.5174922351138576
2.517584687074269
2.5177829484305723
2.517966459776232
2.5182187641617277
2.5182452380093454
2.5182504621871264
2.5182826954862167
2.518318590504862
2.5184228826343262
2.5184812776444234
2.518487695522899
2.518509029975201
2.5185349306165707
2.5186088021929574
2.5187852962019637
2.518791962203536
2.5189303538193766
2.5190800786166387
2.5191206863291833
2.5191877722156253
2.519269117002846
2.519353269509937
2.5193995012375527
2.5194464454067442
2.519565270807157
2.519615319604268
2.5197430893818002
2.5198018024376476
2.5198207472395686
2.5199139436601663
2.519948495053633
2.5199935181134046
2.5201314961539754
2.5202808635182365
2.5204764937640065
2.5205569263970684
2.5205628864360468
2.520619633355664
2.520663246241831
2.5207688134382176
2.520776895881522
2.520865157371726
2.5210169910572104
2.521025328239892
2.5210997903337558
2.521465650456446
2.5215724742411396
2.521577602018216
2.5215810826235394
2.5217682925100475
2.521780646957517
2.5217831541876983
2.521799254152991
2.52181521503879
2.5220085694366685
2.5220468435600583
2.5221012591168055
2.5221622705256106
2.522165214548708
2.522274164912172
2.5222799728055705
2.5226371238177556
2.5226730689353905
2.5227885288789733
2.5229945410268173
2.5229953235813243
2.523023475174546
2.523033902051719
2.5230469238197397
2.523070083486566
2.52377418793893
2.5238070688744068
2.523921859333278
2.523958580994935
2.5241279276151856
2.524227153584039
2.524302025543346
2.5243414978112066
2.5244022158909014
2.524651577539661
2.524707583725421
2.5247961944199875
2.5249616025528816
2.525069424476084
2.5250948696494273
2.5252413565330856
2.525671563314096
2.5257302672261517
2.525742954530721
2.5257767152714683
2.5258388644136187
2.5258617244393333
2.52586456437988
2.525877533482641
2.526008450058508
2.526090923326682
2.5260924431899956
2.526180419269261
2.52624126799448
2.526249774684244
2.526353286283679
2.526445244748287
2.526669287738745
2.526702721888984
2.5267137568031566
2.5268981162380646
2.5269581974456217
2.52714819038288
2.527157034583363
2.52723448420922
2.5274910230179075
2.5274983579039656
2.5275972119909955
2.527601516969909
2.52769913785732
2.5277411851144476
2.527771792401496
2.5278955375258927
2.5280080838355765
2.528160132034668
2.528235893475045
2.5282517520552465
2.5285503654618524
2.5287850562550025
2.528819293766615
2.528846823867466
2.52891782955486
2.5289635303043827
2.5289664275645314
2.5289713011074357
2.529010292447992
2.52916943807102
2.5292220498639195
2.52926876060836
2.5294632395387047
2.529666796198331
2.5296737661888598
2.529820484761783
2.529881509709502
2.5299719838603023
2.5299768463696743
2.5301246574781278
2.530172529922062
2.530206338540751
2.5303140422991572
2.530448034022587
2.5309716480422892
2.5310077906518997
2.531102512592131
2.5311466970744334
2.5312617417531706
2.531266807333784
2.5313637050025353
2.53151490421253
2.5315533658762983
2.5317030287233955
2.531742487320143
2.5318517773255484
2.5318640312813123
2.5319062944839
2.5319364170661673
2.5319462357765645
2.5319565128259054
2.5320973615579634
2.532408424656181
2.532562519168975
2.5326180904189926
2.5327820777725303
2.5328333149775744
2.5328418027925768
2.532843460158416
2.5329375385133246
2.5330309405272975
2.5332203127435524
2.5332234315848985
2.5333858520160257
2.533406017538853
2.53351902439772
2.5336138450393837
2.533644908097908
2.533650118432507
2.5336929952636162
2.5337796496147273
2.5340170023137585
2.534089121652856
2.534244174284621
2.5343042151581603
2.5343178378938642
2.5343365613583684
2.5344458945514976
2.5346276948382367
2.53479033616199
2.5348138763281276
2.5348895406044676
2.5350522605174164
2.5351712284535686
2.535237398534813
2.5352547473288594
2.5353010532243276
2.535492793510715
2.5355055239164574
2.535571955645248
2.5356067914700544
2.535675607099529
2.535679710620226
2.5357790973273007
2.5360142890922663
2.5360534736603517
2.5362221750163587
2.5363406840095553
2.5366167694181074
2.536644974001144
2.5367430007861356
2.5368127475100755
2.5368311957337615
2.5369364385114253
2.536967316731221
2.537232139776816
2.537233565483525
2.5373306795530315
2.5374558293560083
2.5376234559240984
2.5376301149416887
2.537711610515691
2.537765900157633
2.537857440094575
2.5379261118799756
2.537944767445951
2.538032837711674
2.5381834828638565
2.5382180070586644
2.538244429689846
2.538245302281921
2.53826620956402
2.538286192078787
2.53828634693736
2.5383790554323618
2.538468522590014
2.5385341965344774
2.5385357148894765
2.538602467111453
2.53872249382291
2.5387286247597514
2.5388064503410086
2.5388369349382893
2.538865517441167
2.538915101894372
2.538927570338618
2.538986166202825
2.539025315278799
2.5391467832996115
2.539210415593646
2.5393207060873237
2.539506212696668
2.53963440019568
2.539707370921533
2.539813091575719
2.5398883970704635
2.5400550351192535
2.540135151344749
2.5401475243355196
2.540167071959732
2.5403650588118705
2.5403676385192084
2.540385012120352
2.5403907448716576
2.540405111514757
2.5404795275089347
2.540491837311448
2.5404988949771847
2.5406549922381023
2.540769392206728
2.540971025468736
2.541003543687776
2.541097399906298
2.54128168883613
2.5415350230317886
2.5417649981820434
2.5418410365327473
2.541849654522625
2.541920436247151
2.542041714322285
2.5423543789059444
2.5423561335525564
2.542396444709194
2.542424777969546
2.5424754013761772
2.5424772312011923
2.5425023411820167
2.5427689089011607
2.542966868904522
2.543037242167392
2.5431031093312386
2.5431146445421415
2.5431500550896162
2.5432404952008394
2.54348691774414
2.543547128545464
2.543552242342591
2.5437447364044816
2.5439777300455098
2.5440988636425823
2.544115543966746
2.5441257130539783
2.5443690814284885
2.544431522419463
2.544471442914015
2.544539695753843
2.5446114084738527
2.5446321702919787
2.54468520467242
2.5448248147908847
2.544893773300282
2.5449922529288354
2.545096681578979
2.5452620501396215
2.54541256630713
2.545431503431207
2.5454839754550918
2.5455144150126268
2.545531148058337
2.545548570134031
2.545592258562542
2.5456996462144033
2.5457030162827197
2.5457182721524174
2.5457963975793785
2.545800378031559
2.5458071123309773
2.545822968479509
2.546074042149479
2.5461063623388562
2.5461167919735197
2.546159043212847
2.546239797878574
2.5462569491229066
2.546492597535417
2.5465141835049083
2.5467832805231323
2.546805566016049
2.5469040623228283
2.546996544726936
2.5470429900377667
2.5470883637775215
2.547218842282136
2.5472235725889245
2.5472396677176525
2.5473345346838334
2.5474108833644915
2.5474130034576765
2.547496436302852
2.5476112195219938
2.5476904784911842
2.547822341634616
2.5479985439440824
2.548208140917146
2.548224622390846
2.5482297846587025
2.548231430277857
2.54825033927923
2.5484119889538404
2.548492774779301
2.548612049363094
2.5486562951768237
2.548694914518164
2.5488257550379445
2.54895122512433
2.5492427504434563
2.5492481968753147
2.5492709759794607
2.5493202688710004
2.5493714383208506
2.5494081195156544
2.5494743292310087
2.5495009332499103
2.549516765006385
2.549578221227584
2.5495813476183233
2.5496396893565403
2.5496431931116246
2.5496700556668475
2.549909005422651
2.5500002743450665
2.550086352323262
2.550138817287577
2.55017982784886
2.550241263443415
2.5502972921059435
2.5503184292775942
2.5505299701626925
2.5506263730187864
2.5506406002061626
2.550781791303224
2.5508543253632543
2.5508971117655386
2.5509490818894154
2.551006421042016
2.5510113007561315
2.5511753939741695
2.551266405571935
2.55129671652836
2.5513227917637677
2.5513500175673682
2.551551278166784
2.551604537797115
2.5516581356155146
2.551687365181155
2.551721134753948
2.551739749178556
2.5518336731732605
2.55186993890764
2.552099938106588
2.5521225092210833
2.552132931397713
2.552147478015963
2.552268382228483
2.5522899411341893
2.552626012457561
2.552734506648457
2.552803332965778
2.5528712507791784
2.552904702445234
2.55293458236966
2.5529609835838443
2.553067160824933
2.553252687503027
2.5533314399879368
2.55335005439037
2.5535030144353166
2.553521195031049
2.5536376717517872
2.553639040328019
2.553723977645059
2.553749415055459
2.553953874471607
2.5539713531222215
2.554009260121033
2.554043451417081
2.5541254091910934
2.55416572612422
2.5542467311791923
2.5542574110432694
2.5544897718044743
2.554524692533595
2.554563826712736
2.55462102177383
2.554647029481833
2.5546626963427777
2.5547675611747014
2.554863718392098
2.554884472730178
2.5549326136211277
2.5550125818966865
2.5551527259358373
2.555274220133086
2.5552816130081153
2.55546764415429
2.5554825075260013
2.5554870240576473
2.5556103405089665
2.555615064363836
2.5557563331117104
2.555793958088554
2.555846200024991
2.5559621490584217
2.5559678697022084
2.556013211113211
2.5560603218616444
2.556067376297659
2.5560828460628806
2.5565481949467848
2.556559326909006
2.556640904153321
2.5567699868012554
2.5568471211467094
2.556912970671864
2.5570543218793187
2.557168681327285
2.5572014142952155
2.5573080735047937
2.5574199062471874
2.55749964970947
2.557562828831697
2.5576879920187854
2.5576899977537346
2.5577127304204863
2.55782957504192
2.557849238266275
2.5578798016321995
2.5579037629511414
2.557986019311502
2.5580908142164143
2.558099649463893
2.5582597019715783
2.5584640366909914
2.5585615394724894
2.5585982975237194
2.5586107052044484
2.558627533293324
2.5586400285241044
2.558676220472833
2.558753291891841
2.5588351909734186
2.5588898990809597
2.5588951783147023
2.558940139816075
2.558958264244386
2.5590246885920416
2.559064694021167
2.559144305425578
2.5592383862043815
2.5593363072974924
2.559360828205734
2.5594137549719025
2.5597324981578056
2.5600440104307616
2.560097070819771
2.560203257665452
2.560213044310567
2.5602348929757515
2.5602624074884717
2.560283844674448
2.5602986941629773
2.5603626912353974
2.560507192376007
2.5605737214170183
2.56060119077935
2.56075043788025
2.560869175056993
2.560928990001216
2.5610014541115853
2.56101441701888
2.5610167851867827
2.5615297851589514
2.5615566537745535
2.561573731056756
2.5616395307682143
2.5617308617147887
2.561746378575738
2.5618401751011235
2.561843775030396
2.5618780723131955
2.5618815123744936
2.5618892620159697
2.5619571473946356
2.5621448250720134
2.5621467082937524
2.5622889591941496
2.562297665113654
2.5623412980066633
2.5624793182576835
2.5624971217627084
2.5625459671524418
2.56285490520946
2.562860262671579
2.5629236752971174
2.5629305673671987
2.5630232821144854
2.563159218718461
2.563179650927663
2.5632372639409917
2.56333601109345
2.563352168891711
2.5633792761269016
2.5634352375693643
2.5634718641066594
2.563472965209884
2.5634978585967856
2.563542048226669
2.563544118595626
2.563617667027839
2.563709381315583
2.564119665195368
2.5642953375285633
2.5644241210593366
2.5644937150826657
2.564586934930396
2.564739043113428
2.5647647069441777
2.5648175819878567
2.564890685603053
2.5648979871153337
2.5649699844661082
2.5651059811572026
2.5651326165093455
2.5651671943759786
2.565178516394176
2.565234567668822
2.565238134690914
2.565438466947379
2.565560195862705
2.565619085916808
2.5656429526977598
2.56566361047657
2.565695014137656
2.5658303387342865
2.565919373621906
2.5659421703566836
2.566129644402983
2.5662301085247345
2.566371681863103
2.5663933996548547
2.5665325697385706
2.5666369113506238
2.5666628058971863
2.5666778808382014
2.5667853049286107
2.5668215399903302
2.567123875086944
2.5672140279212208
2.5672422792311984
2.567334293005166
2.5674375358688057
2.567491425923257
2.5674985665503267
2.5676787603003213
2.567881415693319
2.5679021456418
2.567934870168411
2.567937355096513
2.5680123349338837
2.5680312760952257
2.5680683615601683
2.568082444589548
2.5682709121597522
2.5682995444017203
2.5683828791947407
2.5685014157542825
2.5686273173280223
2.5686276899341887
2.5686864004490486
2.568936158157325
2.5689578954671854
2.569012709428285
2.569152486961754
2.569227673228485
2.569262773964564
2.5692757416707286
2.569458232109629
2.5694850696418743
2.569575369246947
2.5697475871943722
2.569750474301329
2.5698773870062106
2.5700211431335593
2.570131118883226
2.57020200046532
2.570250301132568
2.570437960247873
2.5704529182886815
2.5704833619547047
2.570532797722056
2.5705621219206063
2.570577217759327
2.5705881319037287
2.570599594140884
2.5706764250559755
2.5708830456341487
2.5709049215129096
2.570943818141491
2.571108885937209
2.571119529871782
2.571215224741328
2.571224063534597
2.5712422385641744
2.571265717972208
2.571424962036618
2.571455988253427
2.5714568737592187
2.571484679251648
2.571506616391366
2.571766951118539
2.571811202210832
2.5719303724332487
2.5720232382519934
2.5722195571055297
2.5722968965743123
2.5723545157670915
2.572775240570024
2.5727884803863748
2.572947605596937
2.5729662753457436
2.573023637762508
2.573119324231187
2.5731336812670467
2.5732941272807923
2.5733089931095208
2.573311526383807
2.5733941026784435
2.5734045850068403
2.5734275460280793
2.573469630757286
2.573513140387316
2.573541314797062
2.5737021131986415
2.57371759362434
2.573780856934641
2.5739776543491932
2.5739826834344086
2.5739940377165915
2.5740496881932575
2.5741206423623892
2.5741702638971034
2.5743382481796697
2.5743839539080953
2.5746158829636774
2.5746232999094616
2.5746967670909244
2.574850758333005
2.5748710201629534
2.5748781503998073
2.5750428707055844
2.5750561318857312
2.57507235380674
2.5751542959733587
2.5753314554235605
2.5753439248099688
2.575356481466151
2.575411883972415
2.5754729319145664
2.575499916800903
2.5755129629532796
2.5755256624242637
2.5755851068125497
2.5757140623256145
2.5757275903602808
2.575868409598062
2.575959630085022
2.575992562154296
2.575995116296243
2.5760401876331276
2.576041630805936
2.57604462578761
2.576056814005884
2.5761018155622186
2.5761304430626604
2.5761608518757395
2.5761729548448535
2.576188110559848
2.5761928988033604
2.5762307598549556
2.5762383871705157
2.5762692560864844
2.5763947002185286
2.5767074823241205
2.576825293299762
2.5770810648856757
2.5771510551687915
2.577300517204697
2.5774921386684
2.5776681049398458
2.5778096719432577
2.5779789224885685
2.5780034162765846
2.5780151090714294
2.578030525894852
2.578131964970693
2.57821629511085
2.578217671354365
2.578238885103604
2.578321416171818
2.5783605451209937
2.5783813069071444
2.578412228810795
2.5784937863456703
2.5785751781557695
2.578608211566372
2.5788160792691115
2.5788854043720804
2.5789427874691224
2.5790332560636515
2.5790812486189942
2.5792198582266135
2.5794890213647634
2.5794991825439615
2.5795410659073856
2.57971287140973
2.5797802612731005
2.5798599284933914
2.5800327196585133
2.5800983188337363
2.580119922457312
2.5801208020592523
2.5801741874518838
2.580188829531025
2.5802305860241095
2.580241270057222
2.5804480628172834
2.580507789829786
2.580740791969974
2.580806137099109
2.5808140439934317
2.580825048112227
2.5809478914905286
2.58095827408139
2.5809750715281985
2.5810449614872657
2.581099751398065
2.581179876775431
2.5814352683117243
2.5814558858382064
2.581511338974091
2.5815249959995983
2.581611900639996
2.581612652176401
2.58163464102142
2.581753922361353
2.582426685391766
2.5825013523916605
2.5825777465492408
2.582605213772738
2.58260929797585
2.5826318594114537
2.582694876025276
2.5827100734561568
2.582761456306883
2.5827749612446813
2.5829481562441576
2.5831257271067596
2.58316059938732
2.5832425613540844
2.583256217134942
2.5833251831214246
2.5833720655403334
2.583455149820358
2.5834662801566948
2.583480713971405
2.5835407404669386
2.583575902239134
2.5837072247562864
2.5838905889095396
2.584035025723409
2.5840889911445033
2.584098762078193
2.584123496583704
2.5841475454332223
2.584150738855734
2.584270708157948
2.5843258701326683
2.5843362120410838
2.5847463766407746
2.584798116781723
2.5848976059657414
2.585002932283715
2.5850280252842066
2.5850611227707323
2.585189981029246
2.5853302548390267
2.585542944222116
2.585583622640453
2.5857573901951976
2.5857648009912526
2.5860329394917456
2.5860345129928475
2.5861193099478412
2.586194499760137
2.5862609381043615
2.5862730781751386
2.5863418408509484
2.5863423711881826
2.586424121365901
2.5865174863072404
2.5865310358273126
2.5865477749567485
2.586604516611227
2.5866557279623152
2.5866706067585468
2.5867736314017002
2.5868068986778354
2.5868174066553946
2.5870298765839737
2.5871741829741164
2.5872373868615366
2.5872915928086173
2.5873235166382877
2.587410984989984
2.587413245518259
2.5876240774874635
2.5876671853314606
2.587696164902858
2.5877061455281187
2.58770632332024
2.5877951324551502
2.5878201050806386
2.5878495033599163
2.5878677411666877
2.587916315007336
2.58793180069635
2.587972542635815
2.588023623221084
2.588063497670007
2.5882670717883123
2.5883722173264334
2.5884116200534457
2.588450888165253
2.5886254553960417
2.588700043253154
2.588707817768284
2.5887561397236265
2.5894497268674437
2.5895797241562026
2.5895873669612577
2.58972354778042
2.5897380770876977
2.589742346633003
2.5897681022586725
2.589898307504294
2.590237924776377
2.590390659234409
2.5905107120774185
2.590522831695527
2.590641318646757
2.5907740101784547
2.590942889419544
2.590943793016879
2.5909617455487894
2.590983902894059
2.591033889184942
2.591194809911288
2.591196921825517
2.5912433422371377
2.5912891354832346
2.5913775648354673
2.5914981616945125
2.59157152053066
2.591707646659764
2.591752782563045
2.5918304515292943
2.5918635784638555
2.592006673511766
2.5920920945265054
2.592402678808162
2.592444180733477
2.5925652653538647
2.592685800366723
2.5927166833184407
2.5928107928273327
2.592837838002346
2.592889481865997
2.593133462162533
2.5931906829586238
2.5932183486283717
2.5932643182489903
2.5932802135785806
2.5933047174563852
2.593582071775647
2.59365844637931
2.5938332834723385
2.593900595828473
2.59392103610685
2.5940362581800653
2.594207040571476
2.5942475311928574
2.5942610050950368
2.594293477143286
2.594316011744316
2.5943779535367226
2.594381749344742
2.594427237793363
2.594464268137485
2.5945120554426135
2.5945351293110948
2.5946365332125505
2.5947096737904594
2.595035755409156
2.595276859000914
2.595300218969061
2.5953297270165527
2.595388079994972
2.595489027935559
2.5955225205260133
2.595544229258897
2.5955905426768004
2.5955963712756414
2.5956563350436186
2.595659212590397
2.5957784673128232
2.5957792389831926
2.5958062342072927
2.5958494670697307
2.596041288574911
2.5960587029896995
2.5963042596572414
2.5963461206916585
2.596399793546823
2.5964256804615884
2.5964449878356786
2.5966243954026904
2.5966470529486254
2.5966646701141523
2.596944617819732
2.5970422880434962
2.5972036763661244
2.597282698113168
2.5973487532054484
2.597381078690055
2.597404176851888
2.5975138680414296
2.5975344650271186
2.597619826551418
2.5976228010794906
2.597674012555856
2.5977564237351993
2.597795988407201
2.5978662412082625
2.598002180212951
2.598027390931129
2.5980491469526306
2.5981052876455113
2.5981392885770775
2.5981883014267373
2.5981942970153
2.5982389937140753
2.5984293847532864
2.5987442817286492
2.5990486903613137
2.59905194026522
2.5990703176045535
2.5991432917147095
2.599343671291178
2.5995325762008683
2.599548972510075
2.599604785549759
2.5996067455950476
2.5996216299492567
2.5996579559159216
2.599696666729548
2.6000272005928715
2.600124207932274
2.6001717169527527
2.6002488205896377
2.6005043863787964
2.600517189680893
2.6005819310486076
2.6006238606322194
2.6008179329122587
2.6009662233877426
2.6010728858175063
2.6011912615616355
2.6012510424924855
2.601313582676951
2.6013650510688517
2.6013837477317017
2.6014562518501414
2.6017129712463896
2.6017877660888864
2.602036843064957
2.6022377596236828
2.602294769860209
2.6023297664414904
2.602433863838495
2.602521045316905
2.6025213890821064
2.6025893772877855
2.602779382761941
2.602913661222528
2.6029551196915315
2.6030276830784747
2.6030842869774755
2.603159957487214
2.6032308200302783
2.6032785814985915
2.6034362325763953
2.6034545682826336
2.6036191209377284
2.6037603304179364
2.6038210249389473
2.603824114271442
2.603884269837015
2.6040414514537176
2.60411009019862
2.604443406591267
2.6044939994899936
2.6045101606026595
2.604722433603307
2.604781595323973
2.604899168634894
2.6049121382662324
2.604991969331274
2.605101264600859
2.6051141411350915
2.6051443761328343
2.605242410307672
2.6052493146452553
2.6052813817508995
2.605335653399733
2.605391406180753
2.6055161188352547
2.6056200520097863
2.605758870634728
2.6060053728174286
2.6063608502278472
2.6065483439597132
2.6065622623716846
2.6066358355887114
2.606646495198984
2.6068207437402955
2.6070176827875526
2.607062341666552
2.607330920092675
2.607424802571987
2.607424818140299
2.607444917118316
2.6075578421517323
2.607616485297724
2.6076369508289305
2.6076595685752024
2.6077073498828454
2.6077114721149375
2.60789017490603
2.6081814044098857
2.6081921028305346
2.6082938006015817
2.608543964628346
2.608547738456557
2.608587272398586
2.6086513504846063
2.6086552398069864
2.608655915010227
2.6086584071272143
2.6087825312036386
2.6087938572499154
2.6088159599215572
2.6089356461342263
2.6089860246946057
2.6091840923907874
2.60921007056698
2.6092460977659298
2.60940946439555
2.6094496294619822
2.6094532351949606
2.609537527516996
2.609654813617264
2.6096587419037465
2.609837073365183
2.609989719558238
2.6104944589146646
2.610598030916464
2.610705154655625
2.6107167129183657
2.610798633571124
2.610905744247427
2.6110199143556714
2.6112936915090406
2.611313384452842
2.611418586216669
2.611521823834365
2.611799781670078
2.611882822293456
2.611947022609425
2.612151989696195
2.612193238874279
2.6122928245933617
2.6123220967629
2.6125820306129497
2.6127066440037057
2.612752649161483
2.6128025467881595
2.6129086044776937
2.612946819548827
2.6131362299013707
2.613312521521317
2.6133501240462036
2.6133750450457462
2.613425036849183
2.61353824128257
2.6135920251719877
2.6138322496809563
2.6138415470768224
2.6139514342816135
2.614104061622266
2.614318070598563
2.614552028260681
2.6147449323158583
2.6150507812931574
2.615115379907224
2.615264599824219
2.61529949741797
2.6154501572401583
2.6154984352053363
2.6155841003803886
2.6156491259268813
2.6156622909012848
2.615663939038954
2.61586693332245
2.6159921959072268
2.6163006363527703
2.616364416261871
2.616444069174973
2.616610635549614
2.6167016821356284
2.6167321431637656
2.6168634696287634
2.616882501003884
2.616962630885914
2.6170157756532215
2.6170176559611846
2.6171712227031203
2.6172959067470414
2.6173786661801035
2.6179388111603483
2.6182623409178234
2.618286514825354
2.618326404668088
2.618515928287359
2.6185332290500365
2.6186540603346047
2.6187037493890966
2.6188469139557164
2.6189486305944243
2.619249407334547
2.619338927149231
2.619457302119572
2.6195771295348704
2.619658984822014
2.619778948250554
2.6198387676306742
2.620251811145068
2.621060084625867
2.6211056866462568
2.6211583790943465
2.6212540012642034
2.6213274238648654
2.621420005696289
2.6215708287493453
2.621857220569969
2.622078267327414
2.6222392652084827
2.622286844049189
2.6223045480250122
2.6224158837633733
2.6225510676666155
2.62257600518895
2.6226577273816205
2.6228566265863256
2.6229495654489923
2.6231137022063327
2.6231165483789485
2.623243649101731
2.6234899436460397
2.623539396481995
2.6237671173493435
2.6240263234132883
2.624547549747666
2.6249536351856673
2.62537506901261
2.6254229642635205
2.625574416237693
2.6259491770035424
2.626349110354565
2.626382449198925
2.626565266987216
2.626599682014812
2.6266141306343593
2.6266716809339683
2.6271515990878296
2.627221053235922
2.627923036906604
2.6279358296343522
2.6279589527793896
2.628075597100356
2.628343484289224
2.6284885149701576
2.6293223046591416
2.6293407480895037
2.6294016175314643
2.630000435663837
2.630454839290965
2.630608947827141
2.630822575742794
2.63133272795042
2.631743650610521
2.631927499845973
2.632181105535419
2.6323980168461727
2.632541105421169
2.6327952605900937
2.632854108696908
2.6328825389681665
2.6331501549879444
2.633451465137607
2.6337091345679
2.6337389562541884
2.6341618378641463
2.6342365445453346
2.634384636061441
2.6344394063105114
2.6346946694239746
2.6349526226992177
2.6349959395582396
2.6351390162153683
2.6351864185436593
2.6352487512947644
2.635290035810304
2.635482841385156
2.6354973027261557
2.6357552882032986
2.6357680780989012
2.6357878628868883
2.6358127049097555
2.635955415571095
2.636348355357266
2.636656232012833
2.6367324261550023
2.6368006500925394
2.6370442553717925
2.6371666762276744
2.6374208733017492
2.6377789668409655
2.6378997339958206
2.6379741233039202
2.6385160561740006
2.6386122962581466
2.638647861243351
2.6388882295028413
2.6389389403653416
2.639013596758862
2.640895484105899
2.6412117674247986
2.6417675718579248
2.642087574475784
2.6424087005435735
2.642787903268845
2.6430718686967976
2.6431477763605105
2.64348940925594
2.643703328221562
2.6437561452293283
2.644131312704629
2.6446504699824955
2.6450648436468898
2.6453148503894264
2.6453835599584594
2.6457178197720066
2.6464301741820964
2.6464461695366093
2.646879787395658
2.6469012820111697
2.6472976765761516
2.6474678719216156
2.647595575219454
2.6479844505594095
2.6481847013269033
2.6482103712367957
2.6482533197097133
2.6483359259335626
2.648545273028067
2.648730838637536
2.648827890635567
2.6492166891699642
2.650162575249836
2.6502113079994105
2.6512104403925947
2.6514516703766966
2.6520477946828707
2.65207681753409
2.6523530310795116
2.6524616834087507
2.652767178482711
2.652957886967553
2.6531426201223587
2.6533743429942613
2.653553346320227
2.6535835667840257
2.6540790422052445
2.6544566020025484
2.6546768190412937
2.6548406489246545
2.654961121249397
2.6549850204847165
2.6552140317562998
2.655569845299918
2.655747512668682
2.6561381234296295
2.65616728752862
2.6572562558904895
2.657982496464338
2.658587805545159
2.659020126150834
2.659025005893601
2.659122540194687
2.6603950537081316
2.6605564903536694
2.660735240941382
2.6616981208021047
2.6621207157706634
2.6626890128061294
2.6631864472934135
2.6639660288473292
2.664073258463898
2.665497743652067
2.665782095481293
2.6659001948574415
2.666270120209716
2.6662939387840567
2.6663647662935905
2.666785457470898
2.6671533492341966
2.667176328723645
2.667771174541772
2.6678191739440735
2.6679748128353866
2.6693579699489516
2.6709182450718734
2.6719537375248668
2.6732454886232926
2.673783876786856
2.6738111509205145
2.6752306711815366
2.675484025318403
2.675931994402105
2.6765643052578456
2.6767124742463864
2.6774852779967406
2.6788742830830183
2.6796404888319625
2.680193715379848
2.6809956420202634
2.681439407317471
2.68157801643307
2.681759706033845
2.6824168415657352
2.6829506034514745
2.6829516951130414
2.685607242284212
2.6862752892877926
2.6864606802633455
2.687306863577642
2.687634682427089
2.688024627476946
2.689429195260061
2.6900969730805873
2.690153243712339
2.6903531024143557
2.690716304782106
2.691405343104068
2.6917910910477723
2.6926454657407826
2.693669094288105
2.6952968022212773
2.6955155101070294
2.6960212205499996
2.6961557396272884
2.6966183511196125
2.696997028938347
2.6978662192591107
2.6990096735092703
2.6995385026157432
2.699669146914606
2.700534611637064
2.700812947431404
2.7026121520416306
2.7027623538004875
2.706305447977199
2.7065153903428887
2.7068891078526187
2.7088997402628907
2.7104547724163957
2.7121541184993516
2.712160986248096
2.712284316239691
2.7127621337439147
2.71311320425813
2.713179943946425
2.7142415188568694
2.71578392805261
2.7160098025728483
2.717467903410415
2.7174981014313566
2.71839487570346
2.7192160436010964
2.7202935922970735
2.721325066855932
2.723644408153261
2.7250720367554213
2.726842430639338
2.7275927995845355
2.7280087028771156
2.733222051614229
2.734680121419045
2.740341408904774
2.7422718860231328
2.743599858197492
2.7492940568341266
2.7501512118852296
2.7527874312949825
2.754911060928494
2.7550748075073326
2.763343193482731
2.765320543307466
2.7679906951975495
2.76839433284959
2.7701814963512175
2.775540182435249
2.776097799254848
2.7949437068927474
2.802641074112692
2.8428174348135253
2.843072316346438
2.8453161534435805
2.9217569539157484
3.0477576886799933
3.2639748018638404
3.281574118130145
3.5996953935511904
3.604981870167784
3.6091447462382504
3.61028576621916
3.6148780742835465
3.615795841874849
3.6192036199035917
3.637563388006253
