1.1255755032570947
1.133625230200397
1.1379907333167767
1.2307219622309105
1.2330304241555357
1.2330947773969116
1.2399017578626665
1.2402998824546791
1.2516387900976556
1.2528953507033116
1.2543279709143398
1.2544387875642302
1.257892044545477
1.259916471362886
1.274350674042849
1.2812106024676226
1.2840077188889893
1.3017152699447858
1.3042755904925944
1.3051788719333735
1.305293830623789
1.3058070723313944
1.3072168479916069
1.3089629590818848
1.310618986385271
1.3106467584884067
1.3110220462471907
1.312757166067897
1.3141947931474165
1.3151866014434448
1.3158009423805044
1.320877234669075
1.3244746533781404
1.32525062127863
1.328599629324477
1.329109950010541
1.330629054275847
1.3335052959315452
1.3554202582557786
1.35626559647929
1.3579310429708868
1.3806253463720173
1.3819759927760973
1.386804613156689
1.3872790044593362
1.3886449607356175
1.3903027981111575
1.3951360178276138
1.3994410494839709
1.4013277406053566
1.4469490004665588
