0.973703289094347
0.9798940197998495
0.9817216824608325
0.9848515543413423
0.9875904324848985
0.9876847922959908
0.9911583357455082
0.9944295811435796
0.9953296549415356
0.9996570375296632
1.0023920097868535
1.0027663272330316
1.004508219974953
1.004529274641598
1.0058658854070033
1.0076821186465765
1.008279560826388
1.0083318723938746
1.0086636125994626
1.0087581384747735
1.008909927630199
1.0091382153864121
1.0093578380100352
1.0098767294237994
1.0104056123208482
1.010582502652846
1.0107837683782899
1.0109426798699015
1.011145996060165
1.0111799871917797
1.0122271414618091
1.0128734309934535
1.0131086725768845
1.0134629703855513
1.0137979346249326
1.0139359192854256
1.0140474475589825
1.0142293411012588
1.01437084866785
1.0146951412197887
1.0147587104236815
1.015268152692409
1.0156686986293357
1.0163898679752448
1.0164061444924064
1.0169881499450866
1.0172601192612334
1.017798273765421
1.017904429855405
1.0180966018301307
1.0187478745642933
1.0188557252278427
1.019343709614999
1.0194132067279846
1.019430538612185
1.0198296092213583
1.0213319143136022
1.0218626235712762
1.0220053611079862
1.0225142449495745
1.0227011914139705
1.0229476850692876
1.023313364070119
1.0234340834886624
1.0236169018211365
1.0237080169612922
1.0237618190215185
1.0242173939806551
1.0242199308524578
1.0249468436410398
1.0249630541946249
1.0250023189342168
1.025124092428782
1.025214385410791
1.0254243388229862
1.0255090719640072
1.0256273896448411
1.025838103231816
1.0259678036331497
1.0261400160405538
1.0261468358753327
1.0262280811041242
1.0266440224941957
1.0267985214244437
1.0269007549072273
1.0271338112774773
1.0271676289966352
1.0272695675613914
1.0274180530033221
1.0275040602104963
1.027559125242774
1.0280859614583493
1.0284185022962862
1.0285241873175566
1.0289276059689354
1.0289449845462972
1.0291642618850916
1.0292369270191193
1.0292932660274037
1.0295723266126136
1.0296984921792482
1.0297752649191403
1.0298841152231248
1.0298921705479602
1.0299182724845208
1.0299503228886286
1.0299544727758294
1.0301440818859038
1.030551117008295
1.0308694755089889
1.0309330019180847
1.0314025153208028
1.031853698263804
1.0318920252979615
1.0320464597324186
1.0323204066086513
1.0324926877394616
1.0326047313470634
1.0326899724922978
1.0330064026353034
1.033136368597177
1.0331861615173057
1.0333976251142334
1.0336690780424527
1.033745221652701
1.03374946253087
1.0341736423524128
1.0341840322065465
1.0343878739859906
1.0344169116450557
1.0344435680688215
1.034991453547197
1.0350701138169909
1.0351893322209942
1.0352192760603187
1.0352388897167062
1.0353803659597454
1.0354123649329903
1.0356308214281305
1.0359734614877196
1.0361200741921701
1.03616923692486
1.0366962581059642
1.0369469751806348
1.0370883894346528
1.0371977903440408
1.0374681301432294
1.0375568619834628
1.0380956560944876
1.0381492980236984
1.038325228594882
1.0388849213483216
1.0389285745911934
1.0389379107336263
1.0390713847922413
1.0390934211526621
1.0391474614167464
1.0391988921799307
1.0392317407318243
1.0394683585969173
1.0394705112277531
1.0395313739088186
1.0396053776259158
1.0396705307724607
1.039691986220867
1.0399106443970163
1.040148966209453
1.0402305200449793
1.040267572445435
1.040311246862736
1.040455465138518
1.0404560643913263
1.0405241879337852
1.0409925437688305
1.0412471819665823
1.0414067882631461
1.0414519653102101
1.041695631689917
1.042257329825459
1.0423787139834033
1.042454269348732
1.042521953599012
1.042588366731891
1.0428150677222037
1.0430147378519317
1.0432273437378912
1.0434775349411352
1.0435843236036566
1.0438956634117158
1.044222193271867
1.0443678285192408
1.0446697512163046
1.0446786953103584
1.0450045098302874
1.0450482852358773
1.0451913522103211
1.0452651333164857
1.0453960251983834
1.0454283716143187
1.045793933681207
1.0459682350047699
1.046901645174733
1.0473240537060529
1.047711278113155
1.047803750134636
1.0482731325717873
1.0483298917441073
1.0485831893312172
1.0487319657636407
1.0488026418491005
1.0488308209515633
1.0491182728611215
1.0491222252603538
1.049142565780364
1.0494484377050226
1.0494700285369856
1.049584289600495
1.05011170674891
1.0501653981479433
1.050317714901493
1.050340715723544
1.0503478180370172
1.0503869656367342
1.0505378384188737
1.0505519731239743
1.050783701322884
1.0507993742505746
1.0508437639578627
1.0508983039976745
1.0513958894727697
1.051505553771579
1.0522172977030575
1.0523042534881948
1.0524556997628591
1.052503453750936
1.0525217237785869
1.0525445242555977
1.0526368550345964
1.0528246797366325
1.0528985403223197
1.0529115540338192
1.0529574482068458
1.0529648676500318
1.0537843827295403
1.0537966781430763
1.05394517953705
1.0541571068795903
1.0542253333511842
1.0544447488486148
1.054628234302115
1.0546556033064307
1.0547277003629776
1.0548208469607068
1.0548783917381777
1.0549848873937964
1.05536396578376
1.0555393615254283
1.055639308538624
1.0564456369601198
1.056556223194118
1.0566236148687893
1.0567117950199367
1.0568307380413327
1.0570042075708943
1.0572615028545795
1.0572746850336072
1.0574393732859277
1.0577236182078387
1.0578031524248797
1.0578189251828665
1.0578578201490123
1.0578826854133994
1.0579414824598048
1.0579779687753645
1.058014751069954
1.0580938716292623
1.0582502817824921
1.0583327216263976
1.0585540536679565
1.0586332155172675
1.0587676067554739
1.0590123349284466
1.059124464475071
1.0593755584251354
1.0596548279527462
1.059683991020741
1.059937396432764
1.0599867246435182
1.0600153767752358
1.0602050699840637
1.0606278240742468
1.0615958853934557
1.061698992646158
1.0617598329596247
1.061761936542626
1.0622096900104465
1.0624437973720595
1.0627245864725008
1.062763090156585
1.0629955646213824
1.0633288041146787
1.063354076064166
1.0638091323370291
1.0638460021111706
1.0638764842553816
1.0640055464532985
1.0640761486885868
1.064293933232068
1.064471158111824
1.0644746742376014
1.0646626675063648
1.0647826870303125
1.0649387362419418
1.0650507535799703
1.065055034197377
1.0650790219207544
1.0656011548247735
1.0657717693381707
1.065911564819302
1.066157616890187
1.0664873807094832
1.0664970795492446
1.0665438614439389
1.0665625206734697
1.0666965096001375
1.0668326655700986
1.0672436862312809
1.0674158313504754
1.0677074575099452
1.067806175148963
1.068267317193292
1.0688574772539767
1.068981017335286
1.0692088068819545
1.069316139045789
1.0698335596940352
1.0709166939446133
1.0712101034285126
1.0712140308345075
1.0715776840887756
1.0717736583614177
1.0718031218165376
1.0718641189421547
1.0719922058172986
1.0720152014156252
1.0722299996274924
1.0724512213028956
1.0727187695637417
1.0729932834364333
1.0733518993946243
1.073397098069259
1.0734259273357711
1.0737163307630768
1.0741096211832042
1.0741226901725218
1.0741461964162533
1.0741768736178905
1.0742051953569638
1.0742071140675837
1.0742757228198776
1.0745757054550136
1.0746718155693713
1.0749665358238625
1.0750384550951628
1.0753438790181638
1.0754025484988219
1.0754121287807983
1.0756901828134888
1.075788682812685
1.0767712152621038
1.0769261446753566
1.0771593464305027
1.0779386140860396
1.0782788736099957
1.0795166734787305
1.0802262713608268
1.0803578487441066
1.0804422033919212
1.080920543623621
1.0811483198610945
1.0817453293890749
1.0826011151492527
1.0839582863044868
1.0840158516015488
1.0841087993736773
1.0846851878406376
1.0851712137464784
1.0851758175091306
1.0857836245742596
1.0859869466839371
1.0862913714462
1.0875575728454703
1.0884321451977303
1.0887809657571608
1.0889122473674397
1.0890683271301789
1.089754715061041
1.0900894144808166
1.0901289194521393
1.0904403051640346
1.0904574680212735
1.0906904754972977
1.0908510046096722
1.0910538478462692
1.0910578313708739
1.0911951121067285
1.0915265633264308
1.0929358414940493
1.0929960443008295
1.0936097768894897
1.0938732763379893
1.0938954572954198
1.0941954385674042
1.0958771173853232
1.0965454122481693
1.096659114033435
1.0966815075247744
1.0972682226895203
1.0975355531256061
1.097781512445262
1.098071135478724
1.098152894573442
1.0981902867067828
1.0995488653827517
1.099715157007768
1.1000421869602734
1.1000541868664844
1.1001515803133488
1.1004778940591662
1.1014208078325625
1.1016111556972814
1.102204882515377
1.1027130658732673
1.1028305046019717
1.1037480189236728
1.103930474232883
1.1042255778845307
1.1042578075379783
1.1043539195959458
1.1044818819810625
1.1048275790455249
1.1048887897458344
1.1049979135518457
1.105208243280256
1.1054211056454957
1.1054275466909116
1.1057169038771884
1.1058559999659956
1.1063597282745676
1.1065815069576708
1.1066844206760966
1.1070419607757576
1.1070664999343511
1.1071232480817368
1.108283011952649
1.1090558070252365
1.1092861317479463
1.109341602658001
1.1094993623753504
1.1096264609821773
1.1097874462540773
1.109964373307489
1.1100456088029722
1.110047293984499
1.1103831401952944
1.1104563919165706
1.1105076842764894
1.1106680861390246
1.1107443965963657
1.1109240136013792
1.110983136624921
1.1111510949603636
1.1112503880578362
1.1113327782248372
1.1119449663315217
1.1125126790771525
1.1125737957739832
1.1126046311817863
1.1129712255772664
1.113242193489738
1.113397975171173
1.1134504338503457
1.1136429892119688
1.1138077200469825
1.113849429886832
1.1139982583734787
1.114291831910508
1.1143945639672173
1.114449853041831
1.1144509804710014
1.1146186079249152
1.1146929361072384
1.1148326905749053
1.1148786338241696
1.1149766327737294
1.1150113307695722
1.1153450227388169
1.115414322546981
1.1155212833590946
1.115740455865565
1.1157985994148556
1.1158090674941927
1.1160952691160246
1.1162479144835622
1.1162841628975861
1.116298230265235
1.1164405174936505
1.1165237374400312
1.11659157790397
1.116645526220373
1.1167042488052614
1.1168698668177486
1.116952563298387
1.117071769088695
1.1175194735640372
1.1177069879055812
1.1177622557293938
1.1178825654395805
1.1179675908636377
1.118037756746796
1.1182792777771207
1.118496181801423
1.1185705654120766
1.1186536240639189
1.1188394933840404
1.1193171519973573
1.1194471654584925
1.1197096310879358
1.1198160724820216
1.1199523410951948
1.1203208478156073
1.1204273967918559
1.1204362569259092
1.1205385019836605
1.1208177663477408
1.120857447212161
1.1208878728504346
1.1209184134804666
1.1210349336163885
1.1212016741812894
1.1216188569482015
1.1217087516305677
1.121740019125001
1.1225293868395776
1.12269833119407
1.1228653389181404
1.1231563965997307
1.1233321029507026
1.1233615229628315
1.1234850422943319
1.123498217158035
1.1235090912031083
1.12355138700899
1.1241239284974516
1.124137045911155
1.1241918437247862
1.1245518612379106
1.1252180899062618
1.1254771241949983
1.1266167883445541
1.1274397537428227
1.1280666833921373
1.1280683439330261
1.128181345264069
1.1283766335398828
1.1285125683420283
1.1285222329677471
1.1300514854371366
1.130897777924286
1.1310601122685688
1.1310954520229979
1.1312747506135439
1.132169520700649
1.1325714198877546
1.1331265953676886
1.1337131760698245
1.133820075827301
1.1341666877160594
1.1344858897019385
1.1360023088805247
1.1369593509837632
1.136999544679245
1.137506531587026
1.1378005197318128
1.1386121958699291
1.1390108204677234
1.140317457516995
1.14103576383735
1.1411343273128018
1.1416184272347123
1.1418051388046568
1.1434061068864543
1.1442989566660586
1.1449892238073063
1.1453967792518631
1.1455319878641106
1.1459968898573787
1.1461238043391486
1.1467618463333333
1.147861747259027
1.1490411822954294
1.1494809646683761
1.1498764251229665
1.150865134465968
1.150865286431104
1.150896819607848
1.151800022786868
1.1518055330285295
1.1522171652509572
1.1529255386159418
1.1530835486730786
1.1546757376007328
1.1547836178180835
1.155877442050866
1.1572681243202447
1.1573042856929094
1.1575706500928409
1.1576099088193952
1.1578665767211254
1.1580896431028922
1.1597061445922734
1.1601710187696055
1.1608456732527426
1.1614318646575434
1.162090033453379
1.1625225363375786
1.1626126291664176
1.1627170665828201
1.1654222124451303
1.1657966809578144
1.1662910459775855
1.1670882074396638
1.1675259335301873
1.1677020748560396
1.1678983859686218
1.168782650459178
1.168897802965519
1.1689842619040205
1.169037948772946
1.1692048036338982
1.1692641325499895
1.169372134308873
1.1694671374184455
1.1695277273720595
1.1696960338164726
1.1699249676988086
1.1699730280322234
1.1702443928343809
1.1705592193331407
1.170811510206047
1.1712156232506978
1.1712681796144224
1.171397044809675
1.1715708995575485
1.1719338081440527
1.172023467612367
1.1722271113830374
1.1723039906151023
1.1723321587391107
1.1730078668117745
1.1733184157220498
1.1733327868785237
1.174164668792125
1.1742995411072061
1.1743028836171165
1.174379530656932
1.174449832523613
1.1749245290077628
1.1749819019182512
1.1752558947652563
1.17536045379078
1.1756784817664707
1.1759012171032293
1.1763735113123115
1.1764317154684978
1.176736541926903
1.177291888545343
1.1778460356312452
1.1781491684162124
1.1781899654342445
1.1787699980120367
1.179232345573011
1.1802601112694442
1.1815974176275572
1.1817230122494364
1.1821644822479467
1.1828980886282963
1.1829073616562382
1.1833270729791197
1.1835246418441006
1.1835790909360395
1.1840196830247607
1.1857836146504626
1.1889428466099625
1.19137169577422
1.1967142543109104
1.1984650307119404
1.1987459340000644
1.1990445207704101
1.199312041792797
1.1994306158585173
1.2000621321761424
1.200927645871366
1.2011786487302236
1.2015750092259496
1.2016757306692947
1.2021774105723484
1.202506887828427
1.203002253597832
1.2033318224171146
1.2043019503648733
1.2047274316107552
1.2053082027690247
1.2055831723784944
1.2058524858127675
1.2059824722887769
1.206305398017611
1.207040321315465
1.207244681560027
1.207731417819011
1.207921847106637
1.209458840238621
1.2100160584877715
1.2103524334763007
1.2110248319729213
1.211877648218612
1.21238727866252
1.2130625949419314
1.2138920584821367
1.214067466587542
1.2144297344999027
1.2159586002652552
1.216124576900615
1.2168948655301348
1.2195107345563396
1.2199028353044545
1.2201896560358187
1.220406826310397
1.2215173090243316
1.222046520459162
1.222053799057876
1.222201526115995
1.2223053107921253
1.2223478624243989
1.2230751119765495
1.2237166230290049
1.2237425596456921
1.2239315732896976
1.224507858147654
1.225978872671179
1.226123229628541
1.226729085189529
1.2273126389718119
1.2280721320734114
1.228418203483843
1.2284681501536454
1.229140533507397
1.2291742326007034
1.230074548042374
1.2308597191729502
1.231164021798841
1.2312205520960215
1.2314699900865003
1.2318732361903053
1.231893929311591
1.2319573291793222
1.2322280476006875
1.232235251019374
1.2328776718364225
1.2330061843428637
1.2336225847519415
1.234166239834072
1.2341985012179162
1.2343057528814743
1.234605389096287
1.2354630947286984
1.2359347582034677
1.2361304485519296
1.2368482815703845
1.2369051547831627
1.237262604383534
1.2384200112841384
1.2387199431491307
1.238832059648177
1.2396790078965743
1.2402480286392803
1.2403719000332991
1.2416802340543658
1.2457308294542249
1.2472796010231022
1.2472868277777212
1.24745986496476
1.2474968017929604
1.2483445328675085
1.2488364418521554
1.2499325617787251
1.2508685500879828
1.252170672982255
1.2538624851003197
1.2550191471640006
1.2559235487393956
1.2571948342056134
1.2573160550923963
1.2590031317557488
1.260033932829081
1.2607017453159695
1.2614032690021606
1.2636403848213962
1.2640187036858443
1.2642293495875745
1.2664492854560732
1.2673216896487927
1.268609894773384
1.2695267079969654
1.2704213222611738
1.272191440714853
1.274609844483026
1.275259613466002
1.2761885053222808
1.2788801170547641
1.2815161023481307
1.2843293404568723
1.2864824688593417
1.2878064697900469
1.2892421935461886
1.2893751136202742
1.29028437905947
1.2904282406631067
1.2904583878678617
1.2914224455534495
1.2915677102561651
1.2919478501243724
1.2920954122240416
1.2924479117130236
1.293019726227299
1.2941721126478798
1.2946672302346285
1.2950298850161717
1.2953442038713845
1.2954691590567793
1.2960351775882648
1.2966297306011312
1.2972920875000153
1.301162731082508
1.3022621154496539
1.3035543296685133
1.3041761900805442
1.3050473820328938
1.3056030838048571
1.3058672076206561
1.306045563532794
1.3077540245700319
1.3081036004409448
1.3083598297618562
1.3092883965035365
1.3093360380040875
1.309591403292198
1.310214717801545
1.310258243406077
1.3102853873779756
1.3104087901142967
1.3105105524913108
1.3106431957357985
1.310711052986627
1.3107971808208303
1.3108027822470147
1.311243677273255
1.3115570421327198
1.3116746594702327
1.311947543741384
1.3120966921859325
1.3122111509738354
1.3124828609056447
1.3125547777562752
1.3127489138189739
1.3127554905858057
1.3129284255586355
1.3129809075768346
1.313098118989129
1.31328431321853
1.3132934848481699
1.3133008778863722
1.3133040180221773
1.3133088823278882
1.3134295833153995
1.3141809557044182
1.3142145378315544
1.3145770846571494
1.3147683980134286
1.314942725827839
1.3150125185344705
1.3155573882179776
1.3155821619563541
1.3155862058525392
1.3157822056355426
1.3158729527156454
1.3159629475004828
1.3161151506230362
1.3165040594517585
1.3166270391443677
1.3166320154229865
1.3172151047782275
1.3172675061061148
1.3173553789399
1.3175459169298767
1.3175591708296748
1.3177206779000497
1.317724078019237
1.3177555316874563
1.3177741255361368
1.3178661363841897
1.318520528730673
1.3186184878598834
1.3189035234964028
1.3191674685977102
1.3192437693733603
1.3192496305415178
1.3192762302906302
1.3197472747983872
1.3197479910382155
1.3198865708697778
1.3201379648934273
1.3202159743443094
1.320241470487486
1.3202636542618604
1.3204589978355217
1.3207637017446774
1.3207752194440023
1.3207901930066863
1.3208015215504472
1.3209758933910971
1.3210096500421253
1.3210709317701974
1.321207185386361
1.3212133336407446
1.321218603993975
1.3213270683351153
1.3214795514592277
1.3215094978699464
1.321590381473122
1.3216923416071837
1.3221615086803193
1.3222912143075738
1.3222913964287824
1.322318269134776
1.3224600500015387
1.3227220880464559
1.3227350932602076
1.322807009093911
1.3228350766407377
1.3228602595405834
1.3229544906208244
1.323086099448719
1.3232888483611935
1.3232952575818115
1.3235579995907676
1.3236217744781018
1.3238574067791233
1.3238805435905767
1.3239169350521562
1.3241852325406123
1.3242601042443716
1.3243410525195998
1.3245963968864218
1.3248730271582385
1.324963508863535
1.3251743931489828
1.3254690024157578
1.3254946386803343
1.3255060298600032
1.3258255150883758
1.3258357054822565
1.3258989142362523
1.325949300458731
1.3261040117322003
1.326139916644483
1.3268261494350033
1.3269214821876887
1.3269389703111878
1.3269839612247774
1.3270993381223628
1.3271155345559758
1.3271594602529513
1.327223368843531
1.3272602940144895
1.3273551151559884
1.3274913912765716
1.327502510243741
1.3275882298468582
1.3276515189614315
1.3278523863574434
1.3278943834432233
1.3279635193347237
1.328680159643274
1.328694526656542
1.3287068427183308
1.3287341118155114
1.3287963296684744
1.3288698330901263
1.329008878433277
1.3290429155680448
1.3292136774627257
1.3293336847857926
1.3295838980539259
1.3295844262686105
1.3298194021638654
1.3298555852549026
1.3300323730689636
1.3300686451254777
1.3301226005141538
1.3303683780920177
1.330566530897239
1.3306661482388726
1.3307000685826806
1.3309761698131664
1.331092104986194
1.3311635530790311
1.3316940140001794
1.3318502111970631
1.3320674115948625
1.3321359999930034
1.3321714707556795
1.3324033564693252
1.3324770466733067
1.3325488066226545
1.3326686166496693
1.3328171556040345
1.3330256842298644
1.333052787057725
1.3330998419448883
1.3332336433780139
1.3332442331313412
1.3332772182670403
1.3332964075733784
1.3333033649564197
1.333406660936765
1.3335176083685516
1.3335198380420306
1.3335519068016835
1.3337854744189575
1.3339999934243
1.3341380904580873
1.3341927719417406
1.334565912885002
1.3347386625005346
1.3349121199246963
1.3350862101460814
1.3351063215288024
1.335202892847568
1.3353803707724234
1.3354174384159274
1.3354919280230069
1.335530699061186
1.3356196627427237
1.3356390928195532
1.3357734139146868
1.3358622718653304
1.3358849006832378
1.3358991878289954
1.3360378166800393
1.3360752278657773
1.336190370719432
1.336401655583174
1.3365837895129544
1.3365934850715322
1.3366989460829155
1.3369466253155162
1.3370306821556968
1.3371278234724835
1.3371911369152951
1.3373355640392919
1.3374039632635646
1.337601603656236
1.3376546503470608
1.3376844832451398
1.337792775253988
1.3378438919588256
1.3378487535485988
1.3380114804868521
1.3380692615983503
1.3381080255699842
1.3381487741541538
1.3382867310713769
1.3383067176334893
1.3383356741459025
1.3384166518889242
1.3385560304364692
1.3386773437017163
1.33894900186983
1.3390683957840719
1.3390861428760297
1.339109500205439
1.3391719390861032
1.3393507933179736
1.3393805255271518
1.3393877739986908
1.3396466576544308
1.3396664767085973
1.3396986366223145
1.3397026819522262
1.3398311647185084
1.3398333903293451
1.3398865694106286
1.340055610498261
1.3401382693223898
1.3402167367581477
1.3402588294434585
1.3403067222710663
1.3403293366215958
1.3404383902920218
1.3404517700454888
1.3404731493129245
1.3405128924963456
1.340719454614287
1.3408128832789483
1.3408394569504545
1.3408429204869858
1.3412591677909709
1.3414468009154046
1.3414714058749346
1.3415472420158787
1.3415491628450829
1.3415871430763826
1.3417441908674386
1.341822619243081
1.342143085053562
1.3421672274154695
1.3422335905874192
1.34231990036851
1.3427647591686982
1.3427678729113415
1.3429601811064482
1.3429992424214794
1.343072178884939
1.343195719502646
1.3431988267009694
1.343228898712112
1.3432534415948474
1.343414310068331
1.3434767917753034
1.3435020577353787
1.3436328568375149
1.343893098756397
1.343911048822858
1.3439610591605047
1.3439990302941984
1.3440609874407399
1.3442880122476317
1.3442959428243746
1.3443523131991342
1.3444503385962259
1.3444902593604806
1.3446892135574946
1.3446995013251306
1.3447063318713837
1.3451089459885242
1.3451284586940375
1.3453998214896667
1.3454299284137345
1.3455460142866553
1.3456854122082136
1.3457279853216184
1.3457722264016088
1.3458276407399157
1.3458570451681566
1.345969133468479
1.3462937854727806
1.3463852642974623
1.3464763243036724
1.3467562472629686
1.3470387953671792
1.347222414761077
1.3472413477241603
1.3473500454372374
1.3474164251420364
1.3474408578310662
1.3474479060768192
1.3475454759153327
1.3476234425681988
1.3479437191990908
1.3479460082730668
1.3479652293683397
1.3479662787573543
1.3480146399477
1.3480500819878192
1.348235562977644
1.3483403103275806
1.3483438900829199
1.348509918910353
1.348642132966234
1.3486823940126258
1.3487380180101682
1.3488900345613284
1.3489058669309841
1.3490095618369078
1.349022868408293
1.3491280439693192
1.3491296695712671
1.3491933113179388
1.349219201197046
1.3492696838501201
1.3493194628430403
1.349344803724996
1.3494224928233558
1.349426778073387
1.3494789366171598
1.349495664973411
1.349595079845467
1.3496481897328205
1.3496635574501197
1.3496867418620235
1.349744926263579
1.3497560137846396
1.3497843553140068
1.349823662793135
1.349921643105214
1.3500025590717166
1.350012248833466
1.3501504846700025
1.3501677178316314
1.3501709209772013
1.3502351557832573
1.3502753516841373
1.3503146742091263
1.3503246808909086
1.3503835961996926
1.3504623061707306
1.3504668579397432
1.350488922308599
1.3505545292770667
1.350603501172576
1.3506527424141714
1.3506615766315362
1.3507259057643521
1.3507827857696217
1.3509434720603004
1.3509843613837127
1.3510433544014129
1.3510456824877686
1.351082689373743
1.351120472902689
1.3511573153944598
1.3511694462379058
1.3511788043868544
1.3512142529446878
1.3512270405820723
1.3512849788060808
1.3513136537578765
1.3513943843586549
1.3514179044463976
1.351448660581406
1.3515374532653008
1.351550302952713
1.3516135719554234
1.3517568728147389
1.351806168991164
1.3519084073341536
1.352140003214587
1.3521422566360075
1.3522270945416281
1.3522877171704524
1.3523179667699956
1.3524210942490733
1.3525664348203221
1.3525846167091904
1.352594934790488
1.3525953577606444
1.3526072257344561
1.3526724679196744
1.3527565068696294
1.3529219391784901
1.3531002274371111
1.3531940647956189
1.353200313807173
1.3533630553585199
1.3533976738303333
1.3534589989779497
1.3535521520449605
1.3535720318770892
1.3535892703418893
1.3536143859366647
1.3537279742546109
1.3537741016990261
1.3540069828550994
1.3540449088792514
1.354248609080026
1.3543154360326464
1.3543906756732649
1.3544414722931686
1.3544505707119106
1.3544562206042388
1.3545159656372094
1.354567547519316
1.3547245048647885
1.35472910381284
1.3548446133845897
1.3548764609846393
1.354890733122772
1.3549156982457642
1.3549591976088302
1.3550671550277515
1.35510600502319
1.3551409332956508
1.355171944531942
1.3552920565559683
1.3554233165502543
1.3554809590914414
1.3555866287588043
1.3556150471005366
1.3561554029688945
1.356178914289002
1.3562135298358
1.3562743179617613
1.3562983323013034
1.356344510880844
1.356392698041879
1.3564386566257711
1.356440474253949
1.3565394663266612
1.3565983432762831
1.3566573222218048
1.3566886098105462
1.356705271522158
1.3567137777561835
1.3567186100582604
1.356735384878791
1.3567478502681976
1.3568833516236831
1.3570009101992437
1.3570901804518993
1.3570964102188663
1.357160261413955
1.3571752388678027
1.3573863866160354
1.3574244370992459
1.3574520032152007
1.3575399318041916
1.3575981245055402
1.357612049120657
1.357618278100134
1.3579308113671156
1.3579528836228951
1.3580731217084172
1.3582329502088177
1.3583883666133554
1.3584320260178773
1.358468847741299
1.3585844264011844
1.3587564164911432
1.3588450457118053
1.3590523837139001
1.3591557729272001
1.3591937413253121
1.3594902533127784
1.3595154633438025
1.3596608461229052
1.3599862590951275
1.360020478141874
1.360102472022758
1.3602109122859183
1.3602510655592002
1.3604040611542887
1.3605259457629912
1.3608168638922575
1.3608471105481028
1.3609242597283233
1.3609964099897025
1.3610523583509995
1.361095037023656
1.3611134638946967
1.361210364290914
1.3612185260375835
1.3612714655783817
1.3612857528160098
1.3616847713860851
1.3616869034280012
1.3619757663377983
1.3620589232968916
1.3626229203260187
1.362664134208801
1.3626894496813675
1.3630724013310391
1.363126129185825
1.3632895942582597
1.3634961349804318
1.363500197989035
1.3639270343369567
1.3641730098218348
1.3644138876258036
1.3644224493487185
1.3644274776871972
1.3645489538715894
1.3648288475607602
1.3650221321039195
1.365299551921941
1.3653836174194856
1.3654972005533375
1.36554971502799
1.3655576932087334
1.3655935428417023
1.3656209786578204
1.3656542588514506
1.3656616389555152
1.3658862275674317
1.3659338718751544
1.366009844188215
1.3660994902792571
1.366255033389131
1.366365803023437
1.36641533822669
1.3667198904253333
1.3667850425696209
1.366839419925236
1.3668655247979271
1.3669807493078001
1.3670607373868764
1.3671014259829302
1.3671273078073773
1.3671637545035915
1.367356315709027
1.367384911991945
1.3674413733039235
1.3674794167614714
1.3676343686663914
1.3676729725035301
1.3677795230019396
1.3678325070452564
1.3679277775563508
1.3679296302414097
1.3679649833217693
1.368102416991642
1.3683532615118046
1.368554006566622
1.3687998515141633
1.3689126182978906
1.368913885343359
1.3689422546152379
1.3691020531358673
1.369197627857229
1.3692149326538277
1.369257425154886
1.369317718844311
1.3693778885804226
1.3695158398942329
1.3696495146087384
1.3696566627442504
1.370192108640179
1.3703749705633157
1.3704558466589976
1.3705840643128038
1.370664707872404
1.3707787007821965
1.370833300158605
1.370960775695297
1.371114267307073
1.3711978214418936
1.3712276809290969
1.37123759008778
1.3712426665653878
1.371612606085571
1.3716197739453848
1.3717642882402914
1.371815139802712
1.37204158237975
1.3720702266570903
1.3721127828317097
1.372231586619675
1.372484247373577
1.372965018726535
1.373007691275317
1.373394531307593
1.373395163478098
1.3734043094387973
1.37350918984398
1.3736010559926342
1.3737205002455923
1.3737478965493206
1.3738689521628806
1.3739951282830003
1.3742226962046125
1.3743482765883228
1.3744190193421557
1.37466213708089
1.374807116325255
1.3748630177072847
1.3749529006080836
1.3750317005378172
1.375132234765849
1.3751550419127259
1.3752086356239646
1.3753921909951383
1.375622095955876
1.3756664476322769
1.3759203297187612
1.3759487090338354
1.3759752688773208
1.376037061431829
1.3760417619689012
1.3760645476941362
1.3761094891365153
1.3761454942801665
1.37621102166663
1.376708954931202
1.3767478925595056
1.3769089192872075
1.3769207071032599
1.376959736449171
1.377005950003297
1.377118525910575
1.377244180831687
1.3772806265464932
1.3773179696126026
1.3773590143794512
1.3781779978128246
1.3781818823178886
1.3782204959711926
1.3782275823453574
1.3785722136348517
1.3787136002905462
1.3788261899476162
1.3790594875182094
1.3791787514412766
1.379326157555739
1.3793748064945894
1.3794561408461028
1.3796851162482204
1.3797305151883654
1.3798424488009435
1.379951915036963
1.3800321269169464
1.3805675372435002
1.380654596627274
1.3809354307930704
1.3809648158315262
1.3812697586019123
1.3814308826011794
1.381627203030772
1.3816626415307736
1.382040521771565
1.382543684907191
1.3826313962786156
1.382793473617244
1.382835271412162
1.382864795667547
1.3828657281208083
1.3828674051460366
1.3829606680499231
1.3833161667452405
1.3836236650867306
1.3836932554605117
1.3838655977182284
1.383926744449225
1.3840784697545387
1.3840853336191978
1.3845471256153197
1.3859221422589951
1.3859761346814672
1.3861860579562684
1.3867489677905924
1.3868108742175984
1.3869943342515227
1.3871401977746056
1.3872379403401354
1.3876860970913651
1.3880988901165903
1.3887432138770743
1.3890222673492516
1.389508436225551
1.3897971604998083
1.3898223982575204
1.390113779281979
1.3903953100957271
1.3905216749868607
1.3907572831976485
1.3907787597727228
1.3910070473804579
1.3910657503578663
1.3913156839835648
1.391698253369962
1.3922488461648106
1.3922615653751902
1.3923287914044284
1.3924976568041698
1.3925067020813955
1.3926394279880925
1.3927796397455257
1.393211670601977
1.3932952350096572
1.3933575204466908
1.3935339834070162
1.3936675862757848
1.3936873287256035
1.3939516801024188
1.3939596822956548
1.3939612701489863
1.3942067514359373
1.394293590608666
1.3945368858954212
1.3945473537722906
1.3948813529394806
1.3949405887893012
1.3952374812776362
1.3952585744183919
1.3955527684240159
1.3956019046273747
1.3956186592147313
1.3959176036450225
1.396226096204642
1.3962371123919881
1.3963936897690106
1.3964396930134502
1.3965051356850093
1.396792772501727
1.3968210478635876
1.3968303782564346
1.397259801976755
1.3973319486213847
1.3979129511200008
1.3980133689727612
1.3983459432374443
1.3984387013646735
1.3984812872527765
1.3986400735430176
1.3988453396644447
1.399032031119392
1.399159704355413
1.3992826532767557
1.3993213126486113
1.3993569867375177
1.3994559351541358
1.4000547194925748
1.4000907735952477
1.400162795919662
1.4003342127736562
1.4003675496376178
1.4003910110108806
1.4004594776517134
1.4006614307294802
1.400777552047431
1.4007778630254824
1.4008993690098306
1.4009497329323521
1.4010393837499244
1.4013831355824244
1.4014487343730992
1.4015659344145597
1.4019291036550654
1.4021160091377243
1.4021519450124442
1.402204123304465
1.4023074429853983
1.4023158358407424
1.4023706177878963
1.4026134056336388
1.402648553109559
1.4027950567626517
1.4028700567991914
1.4034475193858271
1.4036257765507185
1.403814613299196
1.4038845363163226
1.4043736773306128
1.4048307402041174
1.4051360494423915
1.4055982695172948
1.4058346493387277
1.4058491547534524
1.4060674047455863
1.406358101173386
1.4066310229658194
1.4067150640309372
1.4067377796263338
1.4071979617374277
1.4072863091105423
1.4075611246030588
1.4077062889738123
1.4079363291363145
1.4081081973207594
1.4082735144780127
1.4082868799464197
1.4083489985319266
1.408863327023837
1.4089122608546845
1.408960189841274
1.409316239180079
1.4094948669354517
1.409562569054801
1.4095735687985802
1.409764753361825
1.4098343350003435
1.4100223051163603
1.410095000514319
1.4105037888367897
1.411134705189617
1.4118169250141062
1.4125020353820317
1.4130292708749634
1.413221632728031
1.4133022070609453
1.4135698983499303
1.4136298022188198
1.4136356736432447
1.4137933975074966
1.4140697499134813
1.4142023769977488
1.4142400914988933
1.4143416939821094
1.4144631064315256
1.4147336140250781
1.414968375207132
1.415130367713158
1.4154557199806739
1.4155551035403457
1.415723782498131
1.4161782357047092
1.416420729822356
1.4164378998538918
1.4165028656849346
1.4165139015337436
1.4166074828257718
1.4166651598322733
1.4168833332936892
1.4171534323915977
1.4173727494893973
1.4178024613650433
1.417811026159124
1.417900188237183
1.4183267349222943
1.418453013071318
1.4186599255207446
1.41871638963044
1.4190805220937754
1.419783244178551
1.4197944168538434
1.4200211219079815
1.4201559571160558
1.4203848999126056
1.420540399381058
1.4205652076155373
1.4206140233031956
1.4206270090540083
1.4207322224052092
1.4207494282473998
1.4209623787816987
1.420986852423885
1.421128966121578
1.4215530120989108
1.4215792995801113
1.4216306408946118
1.421679674768576
1.4219387612070815
1.4219563846377192
1.4221771604006568
1.4222120761446682
1.4223509037381483
1.4227621023551125
1.4229685459202919
1.4229715524153124
1.423344192717945
1.4236566959872914
1.4237389600531691
1.4237580808746884
1.4238266404106077
1.4240537185105884
1.4242744598116206
1.4243806680704296
1.4243846636764157
1.4244182422216383
1.424648985425677
1.4246625655059035
1.4248281058107142
1.425083476120296
1.4251032147833143
1.4252085658632039
1.4254677828897226
1.4258206758356669
1.426045416062856
1.426353246995651
1.42661138794296
1.4271150254219251
1.4276522392673099
1.4277272908334853
1.4278996358981797
1.4279850997976458
1.4279964063283483
1.4282492460777296
1.4283726483935961
1.4288083812324186
1.4292707603395074
1.4292753408095387
1.429903205010676
1.430161419285858
1.4304729242360537
1.4306617741395606
1.4307591821542636
1.4307652403962774
1.4308654500832296
1.430906196308973
1.4312606559285137
1.4315232900390704
1.431629993173423
1.43194670309779
1.4319474482843526
1.4321125599830764
1.4322278131803383
1.4326137447060925
1.432621075366482
1.4326727842977403
1.4327104337621894
1.433188086161432
1.4332520480332875
1.4334283476743002
1.433475388637065
1.4339704459672964
1.4344124079531786
1.4346612768268712
1.4348973029921213
1.4351900667310467
1.4353189664861654
1.4354898166599104
1.435500862678278
1.435573286772323
1.4356558017899381
1.4357258245890956
1.4361353679519706
1.4363771396002496
1.4367253883591733
1.4368818242310086
1.4369328744414083
1.4371088233561715
1.4371720096247325
1.4371929777653165
1.4375162023266987
1.4376275459504564
1.437658736064705
1.4379481818433262
1.4380388197061087
1.4380817733396445
1.4381387516328314
1.4385562378123404
1.4387124996398344
1.439017163639352
1.4393991229750376
1.4394741261118258
1.4396595050810832
1.4398552588670943
1.4402601465894709
1.4406058576901293
1.4406549219391136
1.4408175838552157
1.4410609047361675
1.441113784492796
1.4411320906771259
1.4413791473974211
1.4416134206488844
1.4416929862589762
1.4429283617528288
1.4429380031067962
1.4435133606246313
1.4435282872657538
1.443773182248927
1.4437836802862152
1.443806558969541
1.4438828181213261
1.4439498291205353
1.4441046567694087
1.4442566748504289
1.4442845676976146
1.4443274374095776
1.4443933543880676
1.4444525403820843
1.4444796568662872
1.4446512901183277
1.444711256221142
1.444810440414425
1.4452908413732142
1.4453761266831024
1.4455528501322596
1.4457386876784548
1.446059968591733
1.4464035174997352
1.4464167614610637
1.4465440788009332
1.4465468480661219
1.446693807436474
1.4477333285040879
1.4478462286304765
1.4480905594937858
1.4481004760709948
1.4486906395804435
1.4490851899024182
1.4491091986886
1.4491628538643886
1.4494567214300056
1.4495565009994205
1.4496241833028474
1.449798372641283
1.4498002241631245
1.4501678147153259
1.450242015550674
1.4502925601253116
1.4503017430516199
1.4504542105949065
1.4506735713495909
1.4511214826555727
1.4513600874166368
1.4520232283108172
1.4522092508620694
1.4524169328213976
1.4530694661142893
1.453466079918833
1.453491771712286
1.4534931524610546
1.4534963879748155
1.4535142751456245
1.4537076756802898
1.4537141592672065
1.4537342759278413
1.4537585996805178
1.4538208217942712
1.4553073548980522
1.4557082436108435
1.455791571582583
1.456079288660029
1.4564827891973693
1.4567521990748058
1.4567640713500651
1.4568908666575153
1.4570126115269708
1.4570167894453894
1.4574959342266616
1.4576152300346263
1.4580705661669011
1.4580737517030609
1.4581917562524167
1.4582351369771087
1.4583032698662988
1.4586624692091135
1.4587111623276936
1.4588770096510995
1.4589142436700167
1.4589607174503618
1.4590836690008469
1.4593177706532843
1.4595331061701664
1.4598661998296039
1.460226805817277
1.4606733400721195
1.4610638131019411
1.4617142165363168
1.4620006814370694
1.4621486494416007
1.46224484047481
1.4634751456528772
1.4644211955488367
1.4647124385484724
1.4647844405932706
1.4647882560787866
1.4649434586640846
1.4651672057447775
1.4658900315822103
1.4662394389979263
1.4667646187641115
1.4669112569524012
1.467060167487321
1.467134258437664
1.4671955909780927
1.4673637257633831
1.4678200955421474
1.467834678124453
1.4699439822402958
1.4709032220855442
1.4712616359912536
1.4716223027295814
1.4728827269544524
1.473480559473118
1.4736063695967248
1.4755487451156772
1.4758263302423036
1.4769118377329273
1.4780724793319875
1.4786038592168473
1.4786861300067504
1.4803316324980604
1.4807934200718573
1.4809840356754729
1.4820693816442205
1.4828074518200665
1.4837245203464937
1.4865026249893358
1.4900417289944254
1.4902119701314438
1.499093613599196
1.506275803572989
1.5087300803128203
1.5150708200201255
1.5191570603703142
1.5252392660219145
1.5267994415277277
1.5278204629507084
1.5281775809169926
1.5288216380019868
1.5313507897704022
1.5314894353471353
1.5386949342477816
1.5392746208842334
1.5458399153126452
1.5463020388508246
1.5472706032172372
1.5474576496289212
1.5520849072047562
1.5526143967834776
1.5529966368343457
1.5585346488667562
1.6699798295235204
1.6780268419723385
1.6971259133745065
1.739608131523773
1.7406158136154788
1.7420974793883024
1.7451146079700501
1.7463719120851369
1.7475303450497965
1.7482457945150582
1.7494304036231914
1.7494306415180605
1.75328442376895
1.753728961925981
1.753747324272468
1.7575182447280824
1.7614974806081694
1.7691562464014183
1.7695699298496699
1.7699612962539986
1.7700023597824668
1.7700231851296442
1.7723514540135035
1.7727043993406555
1.7735797570119258
1.7740126444364588
1.774051824807193
1.7743362661624875
1.7748052745175398
1.776664212598533
1.7769500619814085
1.7781505568111085
1.7788638485930879
1.7791898044068135
1.7808153574168768
1.7809868818231203
1.7810693705179599
1.7812877741618638
1.7817255997875037
1.7830057937397736
1.7830512073665825
1.7835967761628124
1.7840187396321576
1.7842829529408386
1.7845434091963386
1.7846394362632108
1.7846601220214908
1.7856174068630415
1.7857539163430434
1.7858597962873617
1.785927911891961
1.7863024309404099
1.7866519763371325
1.78703696022367
1.7872022255898574
1.787211254047948
1.7874120344443334
1.7875363694086142
1.787638987467282
1.7880624903824112
1.7881560384049862
1.788259222140752
1.7882843608288106
1.7883085926246218
1.7895584485006146
1.7896526361052387
1.7896765281048845
1.7898905193577508
1.7902654587476685
1.791965717911738
1.7924913587063964
1.793200884218575
1.793654917180594
1.7945024557915763
1.7945946724466566
1.7947301658279433
1.7948844939016104
1.7969340852841642
1.7969676306626083
1.7971621987343869
1.797365337383426
1.7978563936470584
1.7981370929793594
1.7983743468537416
1.7988232034516338
1.7992089870244883
1.7992425884035326
1.7998644566413113
1.7999942079961586
1.8000376968994745
1.8002102456781048
1.8002377247170578
1.800295200143042
1.800338511014213
1.800585622651352
1.8012724599378087
1.8013136451970637
1.801595528462028
1.8019089893996085
1.8023436443979162
1.802641005663714
1.8038372420419901
1.8042283155780339
1.8043142342526928
1.8043802817751786
1.8044787141124832
1.8049122899876642
1.8049978982164339
1.8051502930890255
1.8053401391637782
1.8056298715936092
1.8063390825895616
1.8066296240478228
1.8066472581583193
1.8069080815494674
1.8071802815441909
1.807247185618793
1.80726592222609
1.8075683372272127
1.807576026639402
1.8076079095462558
1.8077331735706506
1.8077395589711656
1.8080022867653525
1.8083564954569171
1.808938714870255
1.8091658194943598
1.8095773945960643
1.8099515322643327
1.81021893645549
1.8105000930857054
1.8105534494978714
1.8107501710824265
1.8110568618598188
1.8116923858642897
1.8117598808772055
1.8120355471350447
1.8121822076321425
1.8122195531303873
1.8124571408616164
1.8124902137168408
1.8127080602515206
1.8127663707842345
1.8128225929656059
1.8130147239822094
1.8130933708379535
1.8131770438963102
1.8135746125964611
1.813650431927241
1.813689808148555
1.8137457953826441
1.8138125639355391
1.8138763605623118
1.8138920299082089
1.8140930999764102
1.8145470135489792
1.814626195886523
1.8146511228934674
1.8147645209256966
1.814828429635329
1.8149615163425572
1.8150835939449756
1.8150850355380452
1.8152529966079773
1.8152621813995402
1.8153680022907326
1.8154795366287177
1.8155373987694732
1.81557858566527
1.8156577547284722
1.8157645172212769
1.8157921284716172
1.8159569199158956
1.815981514081911
1.8161281279198467
1.8165885484904118
1.8167225269848826
1.816822107641358
1.8170163385121498
1.817471286380491
1.8174886092148057
1.8176120537606633
1.817782606871152
1.817935328190949
1.8179657945719363
1.8182531609321297
1.8190545248636134
1.8191127602220816
1.819374648495845
1.8195351297016673
1.81969579999885
1.81973581645427
1.8197854761269527
1.8201374095032536
1.8201571378235286
1.820180207980028
1.8203283258880498
1.8204436825439345
1.8204835728215263
1.820578460430075
1.8206379025382378
1.8209152406656612
1.820926972614783
1.8209399008553209
1.8209727488503302
1.8211498989809296
1.821311699086888
1.8214319330544302
1.8215635991372228
1.821594464375397
1.821641456087978
1.8219453587876264
1.8219788026560106
1.821987908207345
1.8220797542669809
1.8224582757264647
1.822612778725488
1.8226220569664806
1.8226610326508192
1.8228023720546076
1.823049338000372
1.823152574239028
1.8234233354163394
1.8235098497234916
1.8235228757248592
1.8236001199028171
1.8237520409167725
1.823922941975296
1.8240025810535105
1.8240027536647225
1.8242593849311257
1.824500295823228
1.8245389854649878
1.8246224727601685
1.8246880145221605
1.8247204410272608
1.824744292909363
1.825090005228285
1.8253451804749887
1.825421995125616
1.8256578929754996
1.8259827617682238
1.826056363822228
1.8261063151931274
1.8262226741647896
1.8267824017969325
1.827219244420419
1.8273050115170126
1.8274337703957821
1.8275335108897048
1.8275844530251282
1.8276327696005494
1.827656770510198
1.827825654673704
1.828020536215301
1.828077507247652
1.8281187356997526
1.828143496864666
1.82833524886189
1.8283618831296322
1.8284667017254845
1.8285206675553596
1.828659021932175
1.8287409887280588
1.8287928468055454
1.8288597579950971
1.82888508336239
1.8290480839887049
1.8290718335602705
1.829319255649719
1.8295397774949442
1.8296125843497577
1.8298765153263774
1.8299834570255848
1.830538195241136
1.8309733299419235
1.8309932073482913
1.830997365404397
1.8309974032969563
1.8311352788255872
1.8317777569559095
1.8322702702046127
1.8322986647733135
1.8324053048598143
1.8326218877046
1.8326694186468213
1.8328615591003674
1.8329827987618372
1.8339014477067364
1.833977759873699
1.8339987200288252
1.8340246200402297
1.834151153986388
1.8342624031961976
1.8343203843580185
1.8343739949492301
1.8344998085225668
1.8347003307163607
1.835036478851272
1.835205041804303
1.8354365590336446
1.8354991147755495
1.835718984277352
1.835789036370358
1.8358845364407688
1.8362444257041886
1.8366937474455354
1.8367432846724907
1.8367670167396442
1.836912414963993
1.8370621224950174
1.837176899941585
1.8372384418096595
1.8373954098516032
1.8374915728437853
1.8375193318387215
1.837651542064949
1.8379797337122499
1.8386527242224135
1.8387328820088216
1.8390032802274479
1.8390873340259128
1.8391942743290954
1.8395610959919189
1.8397646808866925
1.8397931391606048
1.8398462531696114
1.8402486708076267
1.8404360565848215
1.840810737540969
1.8409504221812987
1.8410307031179076
1.8410432169488142
1.8410433232640009
1.8411182403776443
1.8417193857139
1.841851401971977
1.8420499602025668
1.8425942011510732
1.8429269727874245
1.8437085520693937
1.8438448019088376
1.84417168728591
1.8442769576199853
1.8444263702748371
1.84458654860928
1.845021103510667
1.846130648696975
1.846236869796645
1.8465879064219137
1.8467640477264917
1.8476337085515095
1.8476809291678769
1.8480241467206509
1.8480885333869201
1.848958372229796
1.8489838794595148
1.8495671627818442
1.8497875837347295
1.8500924826199538
1.850592930250003
1.850688210752548
1.850704456746624
1.8514978548203302
1.8515600461465254
1.8516563643606563
1.851859088908344
1.8523371170452836
1.852408038074725
1.8525620893304393
1.8526107092766542
1.852689670686384
1.8527257095268372
1.8537175782052548
1.853843210388809
1.8538790067647892
1.8541208628514882
1.8541618213158646
1.854843645637807
1.8550357228983623
1.8553682339646191
1.855369362245389
1.8555082973766397
1.855862930157568
1.8558716285379027
1.855873003767957
1.8559347615102948
1.8563242255722963
1.8563341977355536
1.8565444572028738
1.85666627468609
1.8566851056013756
1.8568479483395135
1.8572756510877488
1.8577391865553663
1.8579063552053323
1.8579165438804703
1.8583003922925303
1.8583579644828236
1.858419285135145
1.8585098002426903
1.8586859244229696
1.8587602593487444
1.8588018775612012
1.8588491338289435
1.8589551373142563
1.8590679814601079
1.8592097250085262
1.8593229752639184
1.859565652812087
1.8597617749331266
1.859845967794533
1.860092014823815
1.8602296405812382
1.8604693474276888
1.8605930043495862
1.8606092342694118
1.8607163186653364
1.860838051523219
1.8609928284031192
1.8617553783945853
1.8618164919478664
1.862115193566657
1.8627610545251536
1.8630107147076997
1.8630610978275894
1.863105983541288
1.8632445628572523
1.863348522228156
1.8635578238261992
1.8635849380428695
1.8639394272122032
1.8645495326577486
1.8647986694290712
1.8651126921444967
1.8652172714370938
1.865488089382059
1.8657371831284066
1.8658006681886745
1.8659171906451455
1.8661121086299612
1.866333902156118
1.8664707884217526
1.866678063894918
1.8667670755258827
1.8675917893963194
1.867605734319984
1.8676904628179896
1.86769263370791
1.8677528543414068
1.867759290300071
1.8684249523388685
1.8686837221518868
1.8688348072494685
1.868944934802173
1.8691837454324975
1.869509048376408
1.869604434172588
1.8696253613705667
1.869856634840544
1.8699059249421108
1.869943222984605
1.8701329069113062
1.8702251032181698
1.87023078274873
1.8703219240564566
1.8703878977101263
1.870578510462116
1.8707596342180626
1.871251607516977
1.871373711718853
1.8714931089760485
1.8715359048531428
1.8716692117093485
1.8717743692876923
1.8719473512799325
1.8719851837986201
1.8721242763939066
1.872193985293823
1.8722969986595752
1.8725111269804935
1.872598494020257
1.8727004236010223
1.8727218187772392
1.8727402535666478
1.8728281283291457
1.8728449151586841
1.8728914841638316
1.8730749155899835
1.873079467668183
1.8731225454533396
1.8731444960130856
1.8732035926146513
1.8732407473208532
1.8734169808819536
1.8736362960107755
1.873926868563473
1.8739375830840725
1.8739654134792445
1.874123949478554
1.8742746433886137
1.8744756897478294
1.8748339874908317
1.8750719845782415
1.8751242088323645
1.87518039068617
1.8751845088763122
1.875419223104715
1.8754875216843696
1.8755258191816782
1.8755876315012052
1.8757578638303227
1.8758007955668048
1.8759041254840585
1.8759424757974015
1.8760948960594201
1.8761956519962153
1.8762761978952607
1.8762849981844223
1.876432401592149
1.8765120992921431
1.8766510250486472
1.876855964933326
1.8770258617840936
1.8771561870226976
1.8771916979842331
1.8775855007164497
1.8776180627976204
1.877645730618993
1.8776737657581752
1.8777131732598469
1.8778789467731458
1.8779299322297893
1.877941900412682
1.8782534488823883
1.8783488462958362
1.878802989025289
1.8788517023618252
1.8790448753708173
1.8794764284784191
1.8796751796623288
1.8796921454027649
1.8800301074910497
1.8801886988090073
1.8802465296294009
1.8802584208904938
1.8803595190081772
1.8803740210236
1.8806788019790945
1.8807085357526123
1.8816024214750808
1.8817062364480972
1.8819105700729262
1.8820485352184366
1.8821418912168566
1.8822927320728629
1.8824413531890722
1.882585423140286
1.8826461386980955
1.8827760123429282
1.8828306336564007
1.883049023088012
1.883489781808804
1.883582193463933
1.8840386617004636
1.8844014044134894
1.8844220754734693
1.8846732480048867
1.8847701488226902
1.8851455632219065
1.885212940042004
1.8855136358605153
1.885605499191769
1.8857534177680788
1.8858052206292502
1.8859224049222096
1.8862029969376453
1.886309363971326
1.8866638882638924
1.8869528114409104
1.8870505325347948
1.88725234781855
1.8878006049148925
1.8878577672397396
1.8880379334161073
1.8880430508865442
1.8882475314523643
1.8886232522963773
1.8886789792659087
1.8887656790472678
1.8891784065070503
1.8895457757587593
1.890240100241283
1.8904181639283777
1.890753569176989
1.890979870466415
1.8910581406784117
1.8911973207738881
1.8913313295876621
1.8916413514203911
1.8923357848649829
1.8925098550200825
1.892546548551968
1.8925631977128103
1.8926215725521518
1.8928006206492414
1.8929152985469657
1.8939599523860235
1.8941790371911909
1.8946794424881976
1.894879592708581
1.8950324032888148
1.896803666093246
1.899504076951327
1.8995506279308667
1.899836332488927
1.9010628399109077
1.9022905421009284
1.9027507029793593
1.904601286909043
1.9052042104644482
1.905916583928045
1.906285101832736
1.906690647444362
1.9067911777644557
1.9070365447054347
1.907151776380331
1.9082343828599369
1.9083093630768964
1.9083890103050216
1.9092180994258494
1.9100981747363521
1.9110350200252675
1.912059479409381
1.9122776794039789
1.9139663333472177
1.9141445576350729
1.914603064534073
1.9150003775896103
1.9161219603214554
1.9171455120222238
1.9177408150372952
1.9184557840444454
1.9196382404500207
1.9203318358424162
1.9206163412157078
1.9213479253292398
1.9215805688773773
1.9235576751082684
1.9341514121311267
2.033195641122115
2.0357374596028763
2.039075264326579
2.0460142228158356
2.047915615749479
2.05198515299095
2.0653413386903203
2.0693871020560737
2.0731788690373145
2.272577007390884
2.275580050042586
2.2788732926087514
2.2839752338165598
2.2862901377548908
2.2900842260979517
2.309744215005917
2.3106395209260144
2.314317189311764
2.4237898497432995
2.4262264753622467
2.428840789159514
2.4370631432919825
2.4387753079935246
2.441877916829163
2.455510185493494
2.45744677511361
2.461139206605446
2.4628325939055054
2.4666481458533944
2.604575887388431
2.6084637393176076
2.612636446701526
2.8593457620714577
2.865123015654616
2.865881908577579
2.867242076252283
2.870944463139441
2.8712138212162843
2.873725243012747
2.874463895443985
2.8766838919381663
2.8772405549815034
2.877327603817625
2.8779401362579513
2.878873999463319
3.247880832450953
3.2502290352847565
3.253107384626287
3.2832097559350166
3.285895041486787
3.2904674645852126
3.2932039387354806
3.3132743478225692
3.3132885192622856
3.3152676933377956
3.351020147386009
3.3584945336389946
3.3612740622958426
